date,amount,recovered,avg,sum,coronaEvents
12-Feb-2020,0,0,7,7,
13-Feb-2020,0,0,3,7,
14-Feb-2020,0,0,2,7,
15-Feb-2020,0,0,1,7,
16-Feb-2020,0,0,1,7,
17-Feb-2020,0,0,1,7,
18-Feb-2020,0,0,1,7,
19-Feb-2020,0,0,0,7,
20-Feb-2020,0,0,0,7,
21-Feb-2020,1,0,0,8,
22-Feb-2020,0,0,0,8,
23-Feb-2020,0,0,0,8,
24-Feb-2020,1,0,0,9,
25-Feb-2020,0,0,0,9,
26-Feb-2020,0,0,0,9,
27-Feb-2020,1,0,0,10,
28-Feb-2020,3,0,0,13,
29-Feb-2020,0,0,0,13,
01-Mar-2020,1,0,0,14,
02-Mar-2020,5,0,0,19,
03-Mar-2020,3,0,1,22,
04-Mar-2020,0,0,1,22,
05-Mar-2020,9,0,1,31,
06-Mar-2020,4,0,3,35,
07-Mar-2020,4,0,3,39,
08-Mar-2020,9,0,3,48,
09-Mar-2020,4,0,4,52,ערב פורים 
10-Mar-2020,33,0,4,85,
11-Mar-2020,19,0,9,104,
12-Mar-2020,22,0,11,126,
13-Mar-2020,35,1,13,161,
14-Mar-2020,29,0,18,190,סגר 1 
15-Mar-2020,40,0,21,230,
16-Mar-2020,73,0,26,303,
17-Mar-2020,94,2,35,397,
18-Mar-2020,125,2,44,522,
19-Mar-2020,136,4,59,658,
20-Mar-2020,168,1,76,826,
21-Mar-2020,211,1,95,1037,
22-Mar-2020,254,4,121,1291,
23-Mar-2020,352,6,151,1643,
24-Mar-2020,423,5,191,2066,
25-Mar-2020,425,6,238,2491,
26-Mar-2020,520,10,281,3011,
27-Mar-2020,434,18,336,3445,
28-Mar-2020,479,9,374,3924,
29-Mar-2020,531,14,412,4455,
30-Mar-2020,548,33,452,5003,
31-Mar-2020,740,43,480,5743,
01-Apr-2020,704,145,525,6440,
02-Apr-2020,721,80,564,7161,
03-Apr-2020,600,57,592,7761,
04-Apr-2020,429,53,616,8190,
05-Apr-2020,585,102,609,8775,
06-Apr-2020,450,121,617,9225,
07-Apr-2020,377,122,603,9602,
08-Apr-2020,340,107,551,9942,
09-Apr-2020,343,112,500,10285,
10-Apr-2020,359,128,446,10644,
11-Apr-2020,345,121,411,10989,
12-Apr-2020,552,258,399,11541,
13-Apr-2020,438,280,395,11979,
14-Apr-2020,399,292,393,12378,
15-Apr-2020,311,279,396,12689,
16-Apr-2020,297,325,392,12986,
17-Apr-2020,298,357,385,13284,
18-Apr-2020,291,246,377,13575,
19-Apr-2020,276,383,369,13851,פתיחת משק חלקית
20-Apr-2020,299,449,330,14150,
21-Apr-2020,282,373,310,14432,
22-Apr-2020,225,392,293,14657,
23-Apr-2020,276,330,281,14933,
24-Apr-2020,249,336,278,15182,
25-Apr-2020,159,377,271,15341,
26-Apr-2020,83,431,252,15424,
27-Apr-2020,127,467,224,15551,
28-Apr-2020,161,560,200,15712,
29-Apr-2020,82,352,182,15794,
30-Apr-2020,142,424,162,15936,
01-May-2020,116,419,143,16052,
02-May-2020,57,278,124,16109,
03-May-2020,27,290,109,16136,
04-May-2020,55,260,101,16191,
05-May-2020,33,316,91,16224,
06-May-2020,65,258,73,16289,
07-May-2020,61,226,70,16350,
08-May-2020,33,222,59,16383,
09-May-2020,20,89,47,16403,
10-May-2020,29,170,42,16432,
11-May-2020,39,331,42,16471,
12-May-2020,23,257,40,16494,
13-May-2020,39,182,38,16533,
14-May-2020,22,241,34,16555,
15-May-2020,12,162,29,16567,
16-May-2020,5,103,26,16572,
17-May-2020,15,153,24,16587,
18-May-2020,27,274,22,16614,
19-May-2020,22,154,20,16636,
20-May-2020,15,114,20,16651,
21-May-2020,17,124,16,16668,
22-May-2020,19,163,16,16687,
23-May-2020,5,44,17,16692,
24-May-2020,13,116,17,16705,
25-May-2020,22,133,16,16727,
26-May-2020,50,90,16,16777,
27-May-2020,40,62,20,16817,פתיחת משק מלאה
28-May-2020,77,114,23,16894,
29-May-2020,113,39,32,17007,
30-May-2020,29,40,45,17036,
31-May-2020,87,61,49,17123,
01-Jun-2020,100,68,59,17223,
02-Jun-2020,121,53,70,17344,
03-Jun-2020,97,27,81,17441,
04-Jun-2020,142,42,89,17583,
05-Jun-2020,127,37,98,17710,
06-Jun-2020,78,24,100,17788,
07-Jun-2020,140,42,107,17928,
08-Jun-2020,179,39,115,18107,
09-Jun-2020,174,45,126,18281,
10-Jun-2020,241,51,133,18522,
11-Jun-2020,192,55,154,18714,
12-Jun-2020,184,54,161,18898,
13-Jun-2020,149,40,169,19047,
14-Jun-2020,136,49,179,19183,
15-Jun-2020,199,89,179,19382,
16-Jun-2020,299,52,182,19681,
17-Jun-2020,271,47,200,19952,
18-Jun-2020,302,50,204,20254,
19-Jun-2020,310,57,220,20564,
20-Jun-2020,161,36,238,20725,
21-Jun-2020,173,49,239,20898,
22-Jun-2020,345,59,245,21243,
23-Jun-2020,452,84,265,21695,
24-Jun-2020,487,71,287,22182,
25-Jun-2020,516,75,318,22698,
26-Jun-2020,464,130,349,23162,
27-Jun-2020,398,50,371,23560,
28-Jun-2020,386,139,405,23946,
29-Jun-2020,756,164,435,24702,
30-Jun-2020,789,129,494,25491,
01-Jul-2020,971,98,542,26462,
02-Jul-2020,1149,126,611,27611,
03-Jul-2020,942,116,701,28553,
04-Jul-2020,821,76,770,29374,
05-Jul-2020,831,143,830,30205,
06-Jul-2020,1134,193,894,31339,
07-Jul-2020,1390,174,948,32729,
08-Jul-2020,1327,223,1034,34056,
09-Jul-2020,1525,226,1084,35581,
10-Jul-2020,1410,213,1138,36991,
11-Jul-2020,1168,191,1205,38159,
12-Jul-2020,1239,338,1255,39398,
13-Jul-2020,1718,363,1313,41116,
14-Jul-2020,1603,313,1396,42719,
15-Jul-2020,1877,362,1427,44596,
16-Jul-2020,1937,508,1505,46533,
17-Jul-2020,1606,481,1564,48139,
18-Jul-2020,1448,448,1592,49587,
19-Jul-2020,1016,520,1632,50603,
20-Jul-2020,1887,628,1600,52490,
21-Jul-2020,2006,642,1624,54496,
22-Jul-2020,2044,3719,1682,56540,
23-Jul-2020,1989,6756,1706,58529,
24-Jul-2020,1831,1601,1713,60360,
25-Jul-2020,1112,590,1745,61472,
26-Jul-2020,1041,2730,1697,62513,
27-Jul-2020,2050,1767,1701,64563,
28-Jul-2020,2125,1552,1724,66688,
29-Jul-2020,1957,1405,1741,68645,
30-Jul-2020,1788,1683,1729,70433,
31-Jul-2020,1362,1291,1700,71795,
01-Aug-2020,625,533,1633,72420,
02-Aug-2020,708,2444,1564,73128,
03-Aug-2020,1800,1800,1516,74928,
04-Aug-2020,1729,1648,1480,76657,
05-Aug-2020,1690,1481,1424,78347,
06-Aug-2020,1677,1749,1386,80024,
07-Aug-2020,1765,1211,1370,81789,
08-Aug-2020,754,608,1427,82543,
09-Aug-2020,924,2338,1446,83467,
10-Aug-2020,1704,1394,1477,85171,
11-Aug-2020,1824,983,1463,86995,
12-Aug-2020,1622,1134,1476,88617,
13-Aug-2020,1644,1308,1467,90261,
14-Aug-2020,1388,985,1462,91649,
15-Aug-2020,757,564,1408,92406,
16-Aug-2020,1068,2219,1409,93474,
17-Aug-2020,1650,1193,1429,95124,
18-Aug-2020,1649,1120,1421,96773,
19-Aug-2020,1641,1476,1396,98414,
20-Aug-2020,1487,1434,1399,99901,
21-Aug-2020,1494,1040,1377,101395,
22-Aug-2020,711,666,1392,102106,
23-Aug-2020,965,2123,1385,103071,
24-Aug-2020,1901,1400,1371,104972,
25-Aug-2020,1959,797,1406,106931,
26-Aug-2020,1985,3652,1451,108916,
27-Aug-2020,2104,1521,1500,111020,
28-Aug-2020,1833,1837,1588,112853,
29-Aug-2020,910,712,1636,113763,
30-Aug-2020,1101,2280,1665,114864,
31-Aug-2020,2178,1475,1684,117042,
01-Sep-2020,2253,1007,1724,119295,
02-Sep-2020,3193,1401,1766,122488,
03-Sep-2020,2662,1795,1938,125150,
04-Sep-2020,2623,1195,2018,127773,
05-Sep-2020,1505,885,2131,129278,
06-Sep-2020,2176,2399,2216,131454,
07-Sep-2020,3388,1596,2370,134842,
08-Sep-2020,3489,1436,2542,138331,
09-Sep-2020,3993,1465,2719,142324,
10-Sep-2020,4161,1977,2833,146485,
11-Sep-2020,3975,1773,3047,150460,
12-Sep-2020,2720,1266,3241,153180,
13-Sep-2020,3174,3275,3414,156354,
14-Sep-2020,4811,2410,3557,161165,
15-Sep-2020,5539,2279,3760,166704,
16-Sep-2020,4576,2800,4053,171280,
17-Sep-2020,5386,3720,4136,176666,
18-Sep-2020,5341,2857,4311,182007,סגר 2
19-Sep-2020,3812,1448,4506,185819,
20-Sep-2020,2578,2482,4662,188397,
21-Sep-2020,3875,4675,4577,192272,
22-Sep-2020,7027,3532,4443,199299,
23-Sep-2020,7151,3830,4656,206450,
24-Sep-2020,8274,4615,5024,214724,
25-Sep-2020,8397,4172,5436,223121,
26-Sep-2020,5881,2400,5873,229002,
27-Sep-2020,3441,5717,6169,232443,
28-Sep-2020,1159,2177,6292,233602,
29-Sep-2020,4993,5830,5904,238595,
30-Sep-2020,9077,5226,5613,247672,
01-Oct-2020,7729,5783,5888,255401,
02-Oct-2020,7061,5606,5811,262462,
03-Oct-2020,2595,3518,5620,265057,
04-Oct-2020,2938,8135,5150,267995,
05-Oct-2020,5721,6987,5078,273716,
06-Oct-2020,4725,6467,5730,278441,
07-Oct-2020,4164,4914,5692,282605,
08-Oct-2020,3756,4825,4990,286361,
09-Oct-2020,2964,5129,4422,289325,
10-Oct-2020,916,3817,3837,290241,
11-Oct-2020,1646,7595,3597,291887,
12-Oct-2020,3169,5539,3413,295056,
13-Oct-2020,2336,5753,3048,297392,
14-Oct-2020,2118,5867,2707,299510,
15-Oct-2020,1612,5442,2415,301122,
16-Oct-2020,1500,3495,2108,302622,
17-Oct-2020,412,2519,1899,303034,
18-Oct-2020,924,4943,1827,303958,פתיחת סגר 2
19-Oct-2020,1517,2365,1724,305475,
20-Oct-2020,1194,1814,1488,306669,
21-Oct-2020,1170,3159,1325,307839,
22-Oct-2020,1032,3139,1189,308871,
23-Oct-2020,850,2442,1107,309721,
24-Oct-2020,246,1308,1014,309967,
25-Oct-2020,606,2701,990,310573,
26-Oct-2020,884,1296,945,311457,
27-Oct-2020,887,960,854,312344,
28-Oct-2020,724,1303,810,313068,
29-Oct-2020,645,1445,747,313713,
30-Oct-2020,680,1066,691,314393,
31-Oct-2020,228,795,667,314621,
01-Nov-2020,658,1518,664,315279,פתיחת לימודים כיתות  א-ד
02-Nov-2020,789,913,672,316068,
03-Nov-2020,845,732,658,316913,
04-Nov-2020,769,632,652,317682,
05-Nov-2020,570,844,659,318252,
06-Nov-2020,691,892,648,318943,
07-Nov-2020,212,686,650,319155,הקלות סגר 2 – פתיחת חנויות רחוב
08-Nov-2020,534,682,647,319689,
09-Nov-2020,719,923,630,320408,
10-Nov-2020,675,339,620,321083,
11-Nov-2020,765,1087,595,321848,
12-Nov-2020,836,1209,595,322684,
13-Nov-2020,761,735,633,323445,
14-Nov-2020,292,422,643,323737,
15-Nov-2020,626,970,654,324363,
16-Nov-2020,873,660,667,325236,
17-Nov-2020,829,577,689,326065,
18-Nov-2020,795,801,711,326860,
19-Nov-2020,771,750,716,327631,
20-Nov-2020,774,675,706,328405,
21-Nov-2020,423,450,708,328828,
22-Nov-2020,762,1006,727,329590,
23-Nov-2020,959,651,746,330549,
24-Nov-2020,857,541,759,331406,
25-Nov-2020,1080,849,763,332486,
26-Nov-2020,1087,928,803,333573,
27-Nov-2020,1033,693,848,334606,הקלות סגר 2 – פיילוט קניונים
28-Nov-2020,582,422,885,335188,
29-Nov-2020,1024,1109,908,336212,
30-Nov-2020,1257,739,946,337469,
01-Dec-2020,1199,702,988,338668,
02-Dec-2020,1589,845,1037,340257,
03-Dec-2020,1452,1428,1110,341709,
04-Dec-2020,1516,867,1162,343225,
05-Dec-2020,1000,598,1231,344225,
06-Dec-2020,1364,1397,1291,345589,
07-Dec-2020,1859,910,1339,347448,
08-Dec-2020,1768,893,1425,349216,
09-Dec-2020,1867,1029,1506,351083,חנוכה
10-Dec-2020,2006,1437,1546,353089,
11-Dec-2020,1835,1149,1625,354924,
12-Dec-2020,1298,922,1671,356222,
13-Dec-2020,1729,1917,1713,357951,
14-Dec-2020,2314,1270,1766,360265,
15-Dec-2020,2890,1210,1831,363155,
16-Dec-2020,2853,1629,1991,366008,
17-Dec-2020,2847,1952,2132,368855,
18-Dec-2020,2793,1567,2252,371648,
19-Dec-2020,1885,1093,2389,373533,
20-Dec-2020,3093,2586,2473,376626,תחילת מתן חיסונים מנה 1
21-Dec-2020,3853,1568,2667,380479,
22-Dec-2020,4382,1627,2887,384861,
23-Dec-2020,4037,2039,3100,388898,
24-Dec-2020,4054,2879,3270,392952,
25-Dec-2020,4012,2410,3442,396964,
26-Dec-2020,2659,1826,3616,399623,
27-Dec-2020,3528,4227,3727,403151,סגר 3
28-Dec-2020,5519,2485,3789,408670,
29-Dec-2020,5639,2397,4027,414309,
30-Dec-2020,5868,3742,4206,420177,
31-Dec-2020,5874,4287,4468,426051,
01-Jan-2021,6021,3481,4728,432072,
02-Jan-2021,4218,2057,5015,436290,
03-Jan-2021,5229,5598,5238,441519,
04-Jan-2021,8407,3108,5481,449926,
05-Jan-2021,8237,2971,5893,458163,
06-Jan-2021,7878,4816,6264,466041,
07-Jan-2021,7648,5889,6552,473689,
08-Jan-2021,8160,4872,6805,481849,הידוק סגר 3
09-Jan-2021,5158,3105,7111,487007,
10-Jan-2021,6937,8409,7245,493944,תחילת מתן חיסונים מנה 2
11-Jan-2021,9713,4878,7489,503657,
12-Jan-2021,9299,4594,7675,512956,
13-Jan-2021,9471,8065,7827,522427,
14-Jan-2021,9295,9267,8055,531722,
15-Jan-2021,8429,8063,8290,540151,
16-Jan-2021,5087,4301,8328,545238,
17-Jan-2021,5647,10979,8318,550885,
18-Jan-2021,10117,6203,8134,561002,
19-Jan-2021,8625,5533,8192,569627,
20-Jan-2021,8365,8839,8095,577992,
21-Jan-2021,7273,10063,7937,585265,
22-Jan-2021,7388,8543,7649,592653,
23-Jan-2021,2449,4213,7500,595102,
24-Jan-2021,4945,10633,7123,600047,
25-Jan-2021,8732,5662,7023,608779,
26-Jan-2021,7800,5121,6825,616579,
27-Jan-2021,7727,8744,6707,624306,
28-Jan-2021,7184,9300,6616,631490,
29-Jan-2021,6760,7603,6603,638250,
30-Jan-2021,2623,3572,6513,640873,
31-Jan-2021,5226,10166,6538,646099,
01-Feb-2021,8926,5174,6578,655025,
02-Feb-2021,8017,4427,6606,663042,
03-Feb-2021,7470,8270,6637,670512,
04-Feb-2021,7248,8199,6600,677760,
05-Feb-2021,6584,7308,6610,684344,
06-Feb-2021,2657,3075,6584,687001,
07-Feb-2021,4596,9789,6589,691597,הקלות סגר 3  
08-Feb-2021,7842,5036,6499,699439,
09-Feb-2021,6164,4937,6344,705603,
10-Feb-2021,5676,8316,6080,711279,
11-Feb-2021,5009,8812,5823,716288,
12-Feb-2021,4665,7268,5504,720953,
13-Feb-2021,1887,3430,5229,722840,
14-Feb-2021,3483,9671,5119,726323,
15-Feb-2021,5190,4895,4960,731513,
16-Feb-2021,4569,3764,4582,736082,
17-Feb-2021,4168,6560,4354,740250,
18-Feb-2021,3332,7528,4138,743582,
19-Feb-2021,3792,5927,3899,747374,
20-Feb-2021,1255,3416,3774,748629,
21-Feb-2021,3107,7450,3684,751736,פתיחת משק חלקית
22-Feb-2021,4809,3688,3630,756545,
23-Feb-2021,4447,3176,3576,760992,
24-Feb-2021,4374,5400,3558,765366,
25-Feb-2021,3814,5032,3588,769180,
26-Feb-2021,3813,3769,3656,772993,
27-Feb-2021,1438,1572,3659,774431,
28-Feb-2021,3060,5682,3686,777491,
01-Mar-2021,4855,2747,3679,782346,
02-Mar-2021,4378,2923,3685,786724,
03-Mar-2021,4670,4607,3676,791394,
04-Mar-2021,3659,4804,3718,795053,
05-Mar-2021,3712,3999,3696,798765,
06-Mar-2021,1869,1923,3681,800634,
07-Mar-2021,2346,5714,3743,802980,פתיחת משק מלאה
08-Mar-2021,3783,2684,3641,806763,
09-Mar-2021,3120,2925,3488,809883,
10-Mar-2021,2833,4610,3308,812716,
11-Mar-2021,2549,5008,3046,815265,
12-Mar-2021,2413,3915,2887,817678,
13-Mar-2021,783,2042,2701,818461,
14-Mar-2021,1389,5832,2546,819850,
15-Mar-2021,2123,2660,2410,821973,
16-Mar-2021,1564,2245,2172,823537,
17-Mar-2021,1530,3641,1950,825067,
18-Mar-2021,1246,3605,1764,826313,
19-Mar-2021,1084,2555,1578,827397,
20-Mar-2021,349,1465,1388,827746,
21-Mar-2021,674,3497,1326,828420,
22-Mar-2021,979,1693,1224,829399,
23-Mar-2021,688,739,1060,830087,
24-Mar-2021,478,2254,935,830565,
25-Mar-2021,843,2107,785,831408,
26-Mar-2021,520,1493,727,831928,
27-Mar-2021,231,860,647,832159,
28-Mar-2021,129,881,630,832288,
29-Mar-2021,363,1470,552,832651,
30-Mar-2021,443,823,464,833094,
31-Mar-2021,492,1081,429,833586,
01-Apr-2021,335,1066,431,833921,
02-Apr-2021,418,644,359,834339,
03-Apr-2021,124,465,344,834463,
04-Apr-2021,196,1059,329,834659,
05-Apr-2021,380,511,338,835039,
06-Apr-2021,305,495,341,835344,
07-Apr-2021,276,425,321,835620,
08-Apr-2021,212,639,290,835832,
09-Apr-2021,223,579,273,836055,
10-Apr-2021,86,387,245,836141,
11-Apr-2021,139,776,239,836280,
12-Apr-2021,221,363,231,836501,
13-Apr-2021,199,380,208,836700,
14-Apr-2021,196,484,193,836896,
15-Apr-2021,95,260,182,836991,
16-Apr-2021,109,367,165,837100,
17-Apr-2021,83,214,149,837183,
18-Apr-2021,141,548,148,837324,"ביטול חובת עטיית מסיכה בשטח פתוח, פתיחת לימודים ללא קפסולות"
19-Apr-2021,133,201,149,837457,
20-Apr-2021,159,227,136,837616,
21-Apr-2021,114,237,130,837730,
22-Apr-2021,129,335,119,837859,
23-Apr-2021,108,266,124,837967,
24-Apr-2021,39,116,123,838006,
25-Apr-2021,77,194,117,838083,
26-Apr-2021,93,146,108,838176,
27-Apr-2021,87,149,102,838263,
28-Apr-2021,95,177,92,838358,
29-Apr-2021,93,171,89,838451,
30-Apr-2021,79,130,84,838530,
01-May-2021,14,71,80,838544,
02-May-2021,50,218,76,838594,
03-May-2021,65,152,73,838659,
04-May-2021,63,106,69,838722,
05-May-2021,68,142,65,838790,
06-May-2021,48,146,61,838838,
07-May-2021,33,88,55,838871,
08-May-2021,16,63,48,838887,
09-May-2021,33,146,49,838920,
10-May-2021,51,57,46,838971,
11-May-2021,34,83,44,839005,
12-May-2021,27,94,40,839032,
13-May-2021,30,73,34,839062,
14-May-2021,27,65,32,839089,
15-May-2021,20,46,31,839109,
16-May-2021,29,101,31,839138,
17-May-2021,15,18,31,839153,
18-May-2021,22,93,26,839175,
19-May-2021,55,91,24,839230,
20-May-2021,33,74,28,839263,
21-May-2021,22,33,28,839285,
22-May-2021,12,24,28,839297,
23-May-2021,26,86,26,839323,
24-May-2021,28,30,26,839351,
25-May-2021,22,42,28,839373,
26-May-2021,14,36,28,839387,
27-May-2021,14,38,22,839401,
28-May-2021,18,40,19,839419,
29-May-2021,12,17,19,839431,
30-May-2021,3,71,19,839434,
31-May-2021,14,27,15,839448,
01-Jun-2021,35,36,13,839483,ביטול מגבלות התו הסגול והצורך בתו הירוק
02-Jun-2021,13,48,15,839496,
03-Jun-2021,10,139,15,839506,
04-Jun-2021,31,11,15,839537,
05-Jun-2021,5,7,16,839542,
06-Jun-2021,4,56,15,839546,
07-Jun-2021,6,52,16,839552,
08-Jun-2021,30,15,14,839582,
09-Jun-2021,6,24,14,839588,
10-Jun-2021,18,30,13,839606,
11-Jun-2021,18,21,14,839624,
12-Jun-2021,5,14,12,839629,
13-Jun-2021,3,28,12,839632,
14-Jun-2021,26,23,12,839658,
15-Jun-2021,26,15,15,839684,ביטול חובת עטיית מסיכה בחללים סגורים
16-Jun-2021,13,9,14,839697,
17-Jun-2021,26,43,15,839723,
18-Jun-2021,35,11,16,839758,
19-Jun-2021,46,9,19,839804,
20-Jun-2021,49,86,25,839853,
21-Jun-2021,125,39,31,839978,
22-Jun-2021,110,9,45,840088,
23-Jun-2021,140,24,57,840228,
24-Jun-2021,229,43,75,840457,
25-Jun-2021,230,18,104,840687,החזרת חובת עטיית מסיכה בחללים סגורים
26-Jun-2021,116,15,132,840803,
27-Jun-2021,145,73,142,840948,
28-Jun-2021,288,58,156,841236,
29-Jun-2021,294,75,179,841530,
30-Jun-2021,310,93,206,841840,
01-Jul-2021,297,165,230,842137,
02-Jul-2021,328,136,240,842465,
03-Jul-2021,186,96,254,842651,
04-Jul-2021,346,284,264,842997,
05-Jul-2021,504,195,292,843501,
06-Jul-2021,527,177,323,844028,
07-Jul-2021,524,246,356,844552,
08-Jul-2021,466,328,387,845018,
09-Jul-2021,534,249,411,845552,
10-Jul-2021,261,133,441,845813,
11-Jul-2021,443,431,451,846256,
12-Jul-2021,762,281,465,847018,
13-Jul-2021,746,328,502,847764,
14-Jul-2021,772,453,533,848536,
15-Jul-2021,863,564,569,849399,
16-Jul-2021,1130,472,625,850529,
17-Jul-2021,432,199,711,850961,
18-Jul-2021,837,649,735,851798,
19-Jul-2021,1385,448,791,853183,
20-Jul-2021,1411,383,880,854594,
21-Jul-2021,1346,649,975,855940,
22-Jul-2021,1283,785,1057,857223,
23-Jul-2021,1440,699,1117,858663,
24-Jul-2021,972,408,1162,859635,
25-Jul-2021,1414,1306,1239,861049,
26-Jul-2021,2136,840,1321,863185,
27-Jul-2021,2286,903,1428,865471,
28-Jul-2021,2191,1159,1553,867662,
29-Jul-2021,2176,1371,1674,869838,
30-Jul-2021,2441,1239,1802,872279,
31-Jul-2021,2097,585,1945,874376,
01-Aug-2021,2124,1927,2105,876500,
02-Aug-2021,3855,1125,2207,880355,
03-Aug-2021,3305,1261,2452,883660,
04-Aug-2021,3505,1873,2598,887165,
05-Aug-2021,3878,2301,2786,891043,
06-Aug-2021,3882,1927,3029,894925,
07-Aug-2021,2922,1026,3235,897847,
08-Aug-2021,3421,3286,3353,901268,
09-Aug-2021,6275,2023,3538,907543,
10-Aug-2021,779,438,3884,908322,
