date,amount,recovered,avg,sum,coronaEvents
12-Feb-2020,0,0,7,7,
13-Feb-2020,0,0,3,7,
14-Feb-2020,0,0,2,7,
15-Feb-2020,0,0,1,7,
16-Feb-2020,0,0,1,7,
17-Feb-2020,0,0,1,7,
18-Feb-2020,0,0,1,7,
19-Feb-2020,0,0,0,7,
20-Feb-2020,0,0,0,7,
21-Feb-2020,1,0,0,8,
22-Feb-2020,0,0,0,8,
23-Feb-2020,0,0,0,8,
24-Feb-2020,1,0,0,9,
25-Feb-2020,0,0,0,9,
26-Feb-2020,0,0,0,9,
27-Feb-2020,1,0,0,10,
28-Feb-2020,3,0,0,13,
29-Feb-2020,0,0,0,13,
01-Mar-2020,1,0,0,14,
02-Mar-2020,5,0,0,19,
03-Mar-2020,3,0,1,22,
04-Mar-2020,0,0,1,22,
05-Mar-2020,9,0,1,31,
06-Mar-2020,4,0,3,35,
07-Mar-2020,4,0,3,39,
08-Mar-2020,9,0,3,48,
09-Mar-2020,4,0,4,52,
10-Mar-2020,33,0,4,85,
11-Mar-2020,19,0,9,104,
12-Mar-2020,22,0,11,126,
13-Mar-2020,35,1,13,161,
14-Mar-2020,29,0,18,190,סגר ראשון 
15-Mar-2020,40,0,21,230,
16-Mar-2020,73,0,26,303,
17-Mar-2020,94,2,35,397,
18-Mar-2020,125,2,44,522,
19-Mar-2020,136,4,59,658,
20-Mar-2020,168,1,76,826,
21-Mar-2020,211,1,95,1037,
22-Mar-2020,254,4,121,1291,
23-Mar-2020,352,6,151,1643,
24-Mar-2020,423,5,191,2066,
25-Mar-2020,425,6,238,2491,
26-Mar-2020,520,10,281,3011,
27-Mar-2020,434,18,336,3445,
28-Mar-2020,480,9,374,3925,
29-Mar-2020,531,14,412,4456,
30-Mar-2020,549,33,452,5005,
31-Mar-2020,740,43,480,5745,
01-Apr-2020,704,143,525,6442,
02-Apr-2020,724,79,564,7166,
03-Apr-2020,600,57,593,7766,
04-Apr-2020,429,53,617,8195,
05-Apr-2020,585,102,610,8780,
06-Apr-2020,450,120,617,9230,
07-Apr-2020,377,122,603,9607,
08-Apr-2020,340,108,551,9947,
09-Apr-2020,343,112,500,10290,
10-Apr-2020,359,128,446,10649,
11-Apr-2020,345,122,411,10994,
12-Apr-2020,552,257,399,11546,
13-Apr-2020,438,279,395,11984,
14-Apr-2020,399,291,393,12383,
15-Apr-2020,311,279,396,12694,
16-Apr-2020,297,325,392,12991,
17-Apr-2020,298,357,385,13289,
18-Apr-2020,291,248,377,13580,
19-Apr-2020,276,380,369,13856,פתיחת משק חלקית לאחר סגר ראשון
20-Apr-2020,299,449,330,14155,
21-Apr-2020,282,373,310,14437,
22-Apr-2020,226,392,293,14663,
23-Apr-2020,276,329,281,14939,
24-Apr-2020,249,336,278,15188,
25-Apr-2020,159,376,271,15347,
26-Apr-2020,83,430,252,15430,
27-Apr-2020,127,466,224,15557,
28-Apr-2020,161,560,200,15718,
29-Apr-2020,82,350,183,15800,
30-Apr-2020,142,424,162,15942,
01-May-2020,116,418,143,16058,
02-May-2020,57,276,124,16115,
03-May-2020,27,290,109,16142,
04-May-2020,55,259,101,16197,
05-May-2020,33,315,91,16230,
06-May-2020,65,257,73,16295,
07-May-2020,61,226,70,16356,
08-May-2020,33,220,59,16389,
09-May-2020,20,89,47,16409,
10-May-2020,29,169,42,16438,
11-May-2020,39,330,42,16477,
12-May-2020,23,257,40,16500,
13-May-2020,39,182,38,16539,
14-May-2020,22,241,34,16561,
15-May-2020,12,162,29,16573,
16-May-2020,5,103,26,16578,
17-May-2020,15,152,24,16593,
18-May-2020,27,274,22,16620,
19-May-2020,22,154,20,16642,
20-May-2020,15,113,20,16657,
21-May-2020,17,123,16,16674,
22-May-2020,19,163,16,16693,
23-May-2020,5,44,17,16698,
24-May-2020,13,116,17,16711,
25-May-2020,22,132,16,16733,
26-May-2020,50,90,16,16783,
27-May-2020,40,60,20,16823,פתיחת משק מלאה לאחר סגר ראשון
28-May-2020,77,114,23,16900,
29-May-2020,113,39,32,17013,
30-May-2020,29,40,45,17042,
31-May-2020,87,61,49,17129,
01-Jun-2020,100,68,59,17229,
02-Jun-2020,121,53,70,17350,
03-Jun-2020,97,27,81,17447,
04-Jun-2020,142,42,89,17589,
05-Jun-2020,127,37,98,17716,
06-Jun-2020,78,24,100,17794,
07-Jun-2020,140,42,107,17934,
08-Jun-2020,179,39,115,18113,
09-Jun-2020,174,45,126,18287,
10-Jun-2020,241,51,133,18528,
11-Jun-2020,192,55,154,18720,
12-Jun-2020,184,54,161,18904,
13-Jun-2020,149,40,169,19053,
14-Jun-2020,136,49,179,19189,
15-Jun-2020,200,89,179,19389,
16-Jun-2020,299,52,182,19688,
17-Jun-2020,271,47,200,19959,
18-Jun-2020,302,50,204,20261,
19-Jun-2020,310,57,220,20571,
20-Jun-2020,161,36,238,20732,
21-Jun-2020,174,49,239,20906,
22-Jun-2020,345,59,245,21251,
23-Jun-2020,453,84,266,21704,
24-Jun-2020,487,71,288,22191,
25-Jun-2020,516,76,318,22707,
26-Jun-2020,464,130,349,23171,
27-Jun-2020,398,50,371,23569,
28-Jun-2020,386,139,405,23955,
29-Jun-2020,758,164,435,24713,
30-Jun-2020,789,128,494,25502,
01-Jul-2020,971,98,542,26473,
02-Jul-2020,1150,126,611,27623,
03-Jul-2020,943,116,702,28566,
04-Jul-2020,821,76,770,29387,
05-Jul-2020,830,143,831,30217,
06-Jul-2020,1134,193,894,31351,
07-Jul-2020,1390,173,948,32741,
08-Jul-2020,1327,223,1034,34068,
09-Jul-2020,1524,226,1085,35592,
10-Jul-2020,1410,212,1138,37002,
11-Jul-2020,1168,191,1205,38170,
12-Jul-2020,1239,338,1254,39409,
13-Jul-2020,1718,363,1313,41127,
14-Jul-2020,1603,313,1396,42730,
15-Jul-2020,1877,362,1427,44607,
16-Jul-2020,1937,508,1505,46544,
17-Jul-2020,1606,481,1564,48150,
18-Jul-2020,1448,448,1592,49598,
19-Jul-2020,1016,520,1632,50614,
20-Jul-2020,1888,628,1600,52502,
21-Jul-2020,2007,642,1625,54509,
22-Jul-2020,2044,3705,1682,56553,
23-Jul-2020,1989,6729,1706,58542,
24-Jul-2020,1831,1597,1714,60373,
25-Jul-2020,1112,589,1746,61485,
26-Jul-2020,1041,2723,1698,62526,
27-Jul-2020,2050,1762,1701,64576,
28-Jul-2020,2125,1549,1724,66701,
29-Jul-2020,1957,1400,1741,68658,
30-Jul-2020,1788,1680,1729,70446,
31-Jul-2020,1362,1288,1700,71808,
01-Aug-2020,625,533,1633,72433,
02-Aug-2020,708,2436,1564,73141,
03-Aug-2020,1801,1797,1516,74942,
04-Aug-2020,1729,1645,1480,76671,
05-Aug-2020,1690,1479,1424,78361,
06-Aug-2020,1677,1746,1386,80038,
07-Aug-2020,1765,1206,1370,81803,
08-Aug-2020,754,607,1427,82557,
09-Aug-2020,924,2330,1446,83481,
10-Aug-2020,1704,1392,1477,85185,
11-Aug-2020,1824,979,1463,87009,
12-Aug-2020,1622,1132,1476,88631,
13-Aug-2020,1644,1307,1467,90275,
14-Aug-2020,1388,985,1462,91663,
15-Aug-2020,757,564,1408,92420,
16-Aug-2020,1069,2216,1409,93489,
17-Aug-2020,1650,1191,1429,95139,
18-Aug-2020,1649,1118,1422,96788,
19-Aug-2020,1641,1472,1397,98429,
20-Aug-2020,1487,1433,1399,99916,
21-Aug-2020,1494,1041,1377,101410,
22-Aug-2020,711,664,1392,102121,
23-Aug-2020,965,2121,1385,103086,
24-Aug-2020,1901,1400,1371,104987,
25-Aug-2020,1959,795,1406,106946,
26-Aug-2020,1986,3647,1451,108932,
27-Aug-2020,2104,1517,1500,111036,
28-Aug-2020,1833,1836,1588,112869,
29-Aug-2020,910,712,1637,113779,
30-Aug-2020,1101,2275,1665,114880,
31-Aug-2020,2178,1475,1684,117058,
01-Sep-2020,2253,1007,1724,119311,
02-Sep-2020,3193,1399,1766,122504,
03-Sep-2020,2662,1793,1938,125166,
04-Sep-2020,2623,1194,2018,127789,
05-Sep-2020,1505,885,2131,129294,
06-Sep-2020,2176,2397,2216,131470,
07-Sep-2020,3389,1596,2370,134859,
08-Sep-2020,3490,1431,2543,138349,
09-Sep-2020,3993,1465,2719,142342,
10-Sep-2020,4161,1973,2834,146503,
11-Sep-2020,3976,1772,3048,150479,
12-Sep-2020,2720,1262,3241,153199,
13-Sep-2020,3174,3268,3415,156373,
14-Sep-2020,4811,2403,3557,161184,
15-Sep-2020,5540,2272,3760,166724,
16-Sep-2020,4576,2796,4053,171300,
17-Sep-2020,5387,3711,4136,176687,
18-Sep-2020,5341,2852,4312,182028,סגר שני
19-Sep-2020,3812,1446,4507,185840,
20-Sep-2020,2578,2477,4663,188418,
21-Sep-2020,3875,4659,4577,192293,
22-Sep-2020,7028,3521,4444,199321,
23-Sep-2020,7151,3823,4656,206472,
24-Sep-2020,8272,4601,5024,214744,
25-Sep-2020,8397,4153,5436,223141,
26-Sep-2020,5882,2397,5873,229023,
27-Sep-2020,3441,5702,6169,232464,
28-Sep-2020,1159,2172,6292,233623,
29-Sep-2020,4992,5816,5904,238615,
30-Sep-2020,9078,5191,5613,247693,
01-Oct-2020,7729,5769,5888,255422,
02-Oct-2020,7061,5595,5811,262483,
03-Oct-2020,2595,3509,5620,265078,
04-Oct-2020,2939,8108,5150,268017,
05-Oct-2020,5722,6965,5079,273739,
06-Oct-2020,4725,6445,5730,278464,
07-Oct-2020,4164,4903,5692,282628,
08-Oct-2020,3755,4817,4990,286383,
09-Oct-2020,2964,5114,4423,289347,
10-Oct-2020,916,3806,3837,290263,
11-Oct-2020,1646,7575,3597,291909,
12-Oct-2020,3169,5525,3413,295078,
13-Oct-2020,2336,5740,3048,297414,
14-Oct-2020,2118,5854,2707,299532,
15-Oct-2020,1612,5434,2414,301144,
16-Oct-2020,1500,3490,2108,302644,
17-Oct-2020,412,2516,1899,303056,
18-Oct-2020,924,4937,1827,303980,פתיחת סגר שני
19-Oct-2020,1517,2356,1724,305497,
20-Oct-2020,1194,1806,1488,306691,
21-Oct-2020,1170,3146,1325,307861,
22-Oct-2020,1032,3129,1189,308893,
23-Oct-2020,850,2433,1107,309743,
24-Oct-2020,246,1307,1014,309989,
25-Oct-2020,606,2689,990,310595,
26-Oct-2020,884,1292,945,311479,
27-Oct-2020,887,959,854,312366,
28-Oct-2020,724,1297,810,313090,
29-Oct-2020,645,1443,747,313735,
30-Oct-2020,680,1066,691,314415,
31-Oct-2020,228,794,667,314643,
01-Nov-2020,658,1514,664,315301,
02-Nov-2020,789,912,672,316090,
03-Nov-2020,845,730,658,316935,
04-Nov-2020,769,627,652,317704,
05-Nov-2020,570,844,659,318274,
06-Nov-2020,692,891,648,318966,
07-Nov-2020,212,685,650,319178,הקלות סגר שני – פתיחת חנויות רחוב
08-Nov-2020,534,678,647,319712,
09-Nov-2020,719,923,630,320431,
10-Nov-2020,675,338,620,321106,
11-Nov-2020,765,1083,595,321871,
12-Nov-2020,836,1208,595,322707,
13-Nov-2020,761,735,633,323468,
14-Nov-2020,292,422,643,323760,
15-Nov-2020,626,969,654,324386,
16-Nov-2020,873,660,667,325259,
17-Nov-2020,829,577,689,326088,
18-Nov-2020,795,798,711,326883,
19-Nov-2020,771,750,716,327654,
20-Nov-2020,773,673,706,328427,
21-Nov-2020,423,448,708,328850,
22-Nov-2020,762,1005,727,329612,
23-Nov-2020,959,651,746,330571,
24-Nov-2020,857,541,758,331428,
25-Nov-2020,1080,846,762,332508,
26-Nov-2020,1087,926,803,333595,
27-Nov-2020,1034,692,848,334629,הקלות סגר שני – פיילוט קניונים
28-Nov-2020,583,422,886,335212,
29-Nov-2020,1024,1108,908,336236,
30-Nov-2020,1257,736,946,337493,
01-Dec-2020,1198,700,988,338691,
02-Dec-2020,1588,845,1037,340279,
03-Dec-2020,1452,1428,1110,341731,
04-Dec-2020,1516,866,1162,343247,
05-Dec-2020,1001,597,1231,344248,
06-Dec-2020,1364,1393,1290,345612,
07-Dec-2020,1859,909,1339,347471,
08-Dec-2020,1768,893,1425,349239,
09-Dec-2020,1867,1027,1506,351106,
10-Dec-2020,2006,1434,1546,353112,
11-Dec-2020,1835,1146,1625,354947,
12-Dec-2020,1298,920,1671,356245,
13-Dec-2020,1729,1913,1713,357974,
14-Dec-2020,2314,1267,1766,360288,
15-Dec-2020,2890,1210,1831,363178,
16-Dec-2020,2852,1629,1991,366030,
17-Dec-2020,2847,1951,2132,368877,
18-Dec-2020,2793,1565,2252,371670,
19-Dec-2020,1885,1089,2389,373555,
20-Dec-2020,3092,2582,2472,376647,תחילת חיסונים מנה 1
21-Dec-2020,3855,1562,2667,380502,
22-Dec-2020,4381,1627,2887,384883,
23-Dec-2020,4038,2034,3100,388921,
24-Dec-2020,4054,2877,3270,392975,
25-Dec-2020,4012,2404,3442,396987,
26-Dec-2020,2659,1821,3616,399646,
27-Dec-2020,3528,4223,3727,403174,סגר שלישי
28-Dec-2020,5519,2482,3789,408693,
29-Dec-2020,5639,2395,4027,414332,
30-Dec-2020,5868,3735,4207,420200,
31-Dec-2020,5875,4283,4468,426075,
01-Jan-2021,6021,3474,4728,432096,
02-Jan-2021,4219,2050,5015,436315,
03-Jan-2021,5230,5588,5238,441545,
04-Jan-2021,8408,3103,5481,449953,
05-Jan-2021,8237,2966,5894,458190,
06-Jan-2021,7878,4800,6265,466068,
07-Jan-2021,7648,5876,6552,473716,
08-Jan-2021,8160,4861,6805,481876,הידוק סגר שלישי
09-Jan-2021,5158,3102,7111,487034,
10-Jan-2021,6937,8398,7245,493971,תחילת חיסונים מנה 2
11-Jan-2021,9714,4870,7489,503685,
12-Jan-2021,9299,4583,7676,512984,
13-Jan-2021,9471,8045,7827,522455,
14-Jan-2021,9295,9251,8055,531750,
15-Jan-2021,8430,8052,8290,540180,
16-Jan-2021,5087,4295,8329,545267,
17-Jan-2021,5647,10956,8319,550914,
18-Jan-2021,10118,6191,8134,561032,
19-Jan-2021,8625,5527,8192,569657,
20-Jan-2021,8364,8817,8096,578021,
21-Jan-2021,7273,10049,7938,585294,
22-Jan-2021,7389,8519,7649,592683,
23-Jan-2021,2449,4205,7500,595132,
24-Jan-2021,4945,10613,7123,600077,
25-Jan-2021,8732,5652,7023,608809,
26-Jan-2021,7801,5114,6825,616610,
27-Jan-2021,7728,8726,6707,624338,
28-Jan-2021,7184,9287,6616,631522,
29-Jan-2021,6761,7586,6604,638283,
30-Jan-2021,2623,3565,6514,640906,
31-Jan-2021,5226,10159,6539,646132,
01-Feb-2021,8925,5169,6579,655057,
02-Feb-2021,8017,4421,6606,663074,
03-Feb-2021,7470,8250,6637,670544,
04-Feb-2021,7250,8188,6600,677794,
05-Feb-2021,6585,7300,6610,684379,
06-Feb-2021,2657,3072,6585,687036,
07-Feb-2021,4596,9775,6590,691632,פתיחת סגר שלשי 
08-Feb-2021,7844,5027,6500,699476,
09-Feb-2021,6165,4929,6345,705641,
10-Feb-2021,5676,8307,6081,711317,
11-Feb-2021,5009,8794,5824,716326,
12-Feb-2021,4670,7254,5504,720996,
13-Feb-2021,1887,3426,5231,722883,
14-Feb-2021,3483,9653,5121,726366,
15-Feb-2021,5191,4891,4962,731557,
16-Feb-2021,4569,3753,4583,736126,
17-Feb-2021,4168,6552,4355,740294,
18-Feb-2021,3332,7513,4139,743626,
19-Feb-2021,3793,5920,3900,747419,
20-Feb-2021,1255,3413,3774,748674,
21-Feb-2021,3107,7435,3684,751781,פתיחה חלקית של המשק לאחר סגר שלישי
22-Feb-2021,4809,3680,3630,756590,
23-Feb-2021,4447,3174,3576,761037,
24-Feb-2021,4374,5391,3558,765411,
25-Feb-2021,3814,5028,3588,769225,
26-Feb-2021,3813,3761,3657,773038,
27-Feb-2021,1438,1565,3659,774476,
28-Feb-2021,3060,5675,3686,777536,
01-Mar-2021,4855,2736,3679,782391,
02-Mar-2021,4378,2920,3685,786769,
03-Mar-2021,4670,4602,3676,791439,
04-Mar-2021,3658,4797,3718,795097,
05-Mar-2021,3712,3995,3696,798809,
06-Mar-2021,1870,1921,3681,800679,
07-Mar-2021,2345,5712,3743,803024,פתיחת משק מלאה לאחר סגר שלישי
08-Mar-2021,3783,2680,3641,806807,
09-Mar-2021,3120,2923,3488,809927,
10-Mar-2021,2833,4597,3308,812760,
11-Mar-2021,2549,5002,3045,815309,
12-Mar-2021,2413,3908,2887,817722,
13-Mar-2021,783,2037,2701,818505,
14-Mar-2021,1389,5823,2546,819894,
15-Mar-2021,2123,2657,2410,822017,
16-Mar-2021,1564,2244,2172,823581,
17-Mar-2021,1530,3636,1950,825111,
18-Mar-2021,1247,3601,1764,826358,
19-Mar-2021,1083,2552,1578,827441,
20-Mar-2021,349,1463,1388,827790,
21-Mar-2021,674,3498,1326,828464,
22-Mar-2021,979,1692,1224,829443,
23-Mar-2021,688,739,1060,830131,
24-Mar-2021,478,2255,935,830609,
25-Mar-2021,843,2108,785,831452,
26-Mar-2021,520,1495,727,831972,
27-Mar-2021,231,859,647,832203,
28-Mar-2021,129,882,630,832332,
29-Mar-2021,363,1471,552,832695,
30-Mar-2021,443,823,464,833138,
31-Mar-2021,492,1077,429,833630,
01-Apr-2021,335,1065,431,833965,
02-Apr-2021,418,643,359,834383,
03-Apr-2021,124,464,344,834507,
04-Apr-2021,196,1059,329,834703,
05-Apr-2021,380,510,338,835083,
06-Apr-2021,305,494,341,835388,
07-Apr-2021,276,425,321,835664,
08-Apr-2021,212,641,290,835876,
09-Apr-2021,223,578,273,836099,
10-Apr-2021,86,388,245,836185,
11-Apr-2021,139,778,239,836324,
12-Apr-2021,221,362,231,836545,
13-Apr-2021,199,380,208,836744,
14-Apr-2021,196,483,193,836940,
15-Apr-2021,95,260,182,837035,
16-Apr-2021,109,366,165,837144,
17-Apr-2021,83,213,149,837227,
18-Apr-2021,141,548,148,837368,"ביטול חובת עטית מסיכה בשטח פתוח, פתיחת לימודים ללא קפסולות"
19-Apr-2021,133,200,149,837501,
20-Apr-2021,159,228,136,837660,
21-Apr-2021,114,237,130,837774,
22-Apr-2021,129,336,119,837903,
23-Apr-2021,108,266,124,838011,
24-Apr-2021,39,116,123,838050,
25-Apr-2021,77,193,117,838127,
26-Apr-2021,93,146,108,838220,
27-Apr-2021,87,148,102,838307,
28-Apr-2021,95,177,92,838402,
29-Apr-2021,93,170,89,838495,
30-Apr-2021,79,130,84,838574,
01-May-2021,14,71,80,838588,
02-May-2021,50,218,76,838638,
03-May-2021,65,152,73,838703,
04-May-2021,63,106,69,838766,
05-May-2021,68,141,65,838834,
06-May-2021,48,144,61,838882,
07-May-2021,33,88,55,838915,
08-May-2021,16,63,48,838931,
09-May-2021,33,145,49,838964,
10-May-2021,51,57,46,839015,
11-May-2021,34,83,44,839049,
12-May-2021,27,94,40,839076,
13-May-2021,30,72,34,839106,
14-May-2021,27,66,32,839133,
15-May-2021,20,46,31,839153,
16-May-2021,29,101,31,839182,
17-May-2021,15,18,31,839197,
18-May-2021,22,92,26,839219,
19-May-2021,55,91,24,839274,
20-May-2021,33,75,28,839307,
21-May-2021,22,33,28,839329,
22-May-2021,12,24,28,839341,
23-May-2021,26,86,26,839367,
24-May-2021,28,30,26,839395,
25-May-2021,22,42,28,839417,
26-May-2021,14,36,28,839431,
27-May-2021,14,38,22,839445,
28-May-2021,18,40,19,839463,
29-May-2021,12,17,19,839475,
30-May-2021,3,70,19,839478,
31-May-2021,14,27,15,839492,
01-Jun-2021,35,36,13,839527,
02-Jun-2021,13,48,15,839540,
03-Jun-2021,10,138,15,839550,
04-Jun-2021,31,11,15,839581,
05-Jun-2021,5,6,16,839586,
06-Jun-2021,4,56,15,839590,
07-Jun-2021,6,52,16,839596,
08-Jun-2021,30,14,14,839626,
09-Jun-2021,6,21,14,839632,
10-Jun-2021,18,31,13,839650,
11-Jun-2021,18,21,14,839668,
12-Jun-2021,5,14,12,839673,
13-Jun-2021,3,28,12,839676,
14-Jun-2021,26,22,12,839702,
15-Jun-2021,26,15,15,839728,
16-Jun-2021,13,9,14,839741,
17-Jun-2021,26,43,15,839767,
18-Jun-2021,35,11,16,839802,
19-Jun-2021,46,9,19,839848,
20-Jun-2021,49,86,25,839897,
21-Jun-2021,125,38,31,840022,
22-Jun-2021,110,9,45,840132,
23-Jun-2021,140,24,57,840272,
24-Jun-2021,229,42,75,840501,
25-Jun-2021,230,18,104,840731,החזרת חובת עטיית מסיכה בחללים סגורים
26-Jun-2021,116,15,132,840847,
27-Jun-2021,145,72,142,840992,
28-Jun-2021,288,58,156,841280,
29-Jun-2021,294,75,179,841574,הפעלת התו הירוק במתחמים מעל 100 איש בגל הרביעי
30-Jun-2021,310,92,206,841884,
01-Jul-2021,297,165,230,842181,
02-Jul-2021,328,136,240,842509,
03-Jul-2021,186,97,254,842695,
04-Jul-2021,346,284,264,843041,
05-Jul-2021,504,195,292,843545,
06-Jul-2021,527,177,323,844072,
07-Jul-2021,525,245,356,844597,
08-Jul-2021,466,326,387,845063,
09-Jul-2021,534,249,411,845597,
10-Jul-2021,261,133,441,845858,
11-Jul-2021,443,431,451,846301,
12-Jul-2021,762,281,465,847063,
13-Jul-2021,746,331,502,847809,
14-Jul-2021,771,451,533,848580,
15-Jul-2021,863,562,569,849443,
16-Jul-2021,1130,473,625,850573,
17-Jul-2021,432,201,710,851005,
18-Jul-2021,837,650,735,851842,
19-Jul-2021,1385,448,791,853227,
20-Jul-2021,1410,383,880,854637,
21-Jul-2021,1346,648,975,855983,
22-Jul-2021,1283,784,1057,857266,
23-Jul-2021,1440,698,1117,858706,
24-Jul-2021,972,408,1161,859678,
25-Jul-2021,1416,1306,1239,861094,
26-Jul-2021,2135,838,1321,863229,
27-Jul-2021,2286,904,1428,865515,
28-Jul-2021,2191,1152,1554,867706,
29-Jul-2021,2176,1366,1674,869882,
30-Jul-2021,2441,1237,1802,872323,
31-Jul-2021,2098,582,1945,874421,
01-Aug-2021,2124,1921,2106,876545,תחילת חיסונים מנה 3
02-Aug-2021,3858,1118,2207,880403,
03-Aug-2021,3312,1257,2453,883715,
04-Aug-2021,3507,1857,2600,887222,
05-Aug-2021,3882,2278,2788,891104,
06-Aug-2021,3888,1918,3031,894992,
07-Aug-2021,2928,1014,3238,897920,
08-Aug-2021,3442,3272,3357,901362,
09-Aug-2021,6371,2015,3545,907733,
10-Aug-2021,5852,2368,3904,913585,
11-Aug-2021,6022,3277,4267,919607,
12-Aug-2021,6145,3651,4626,925752,
13-Aug-2021,5943,3262,4949,931695,
14-Aug-2021,4215,1584,5243,935910,
15-Aug-2021,5191,5099,5427,941101,
16-Aug-2021,8788,3434,5677,949889,
17-Aug-2021,7955,3339,6022,957844,
18-Aug-2021,8007,5309,6322,965851,הרחבת הנחיות התו הירוק בגל הרביעי
19-Aug-2021,7813,5894,6606,973664,
20-Aug-2021,7901,5488,6844,981565,
21-Aug-2021,5415,2724,7124,986980,
22-Aug-2021,6581,8219,7295,993561,
23-Aug-2021,10011,5006,7494,1003572,
24-Aug-2021,10081,4908,7669,1013653,
25-Aug-2021,9220,7750,7972,1022873,
26-Aug-2021,9096,8588,8146,1031969,
27-Aug-2021,8681,7930,8329,1040650,
28-Aug-2021,7279,3951,8440,1047929,
29-Aug-2021,6779,10712,8707,1054708,
30-Aug-2021,11146,6923,8735,1065854,
31-Aug-2021,10443,6390,8897,1076297,
01-Sep-2021,11291,9313,8949,1087588,
02-Sep-2021,11333,10555,9245,1098921,
03-Sep-2021,9889,9344,9564,1108810,
04-Sep-2021,5036,5186,9737,1113846,
05-Sep-2021,5863,12453,9416,1119709,
06-Sep-2021,10864,9213,9285,1130573,
07-Sep-2021,6868,4957,9245,1137441,
08-Sep-2021,3319,5885,8734,1140760,
09-Sep-2021,7945,13253,7596,1148705,
10-Sep-2021,9877,11496,7112,1158582,
11-Sep-2021,10280,5410,7110,1168862,
12-Sep-2021,7822,11939,7859,1176684,
13-Sep-2021,10843,7743,8139,1187527,
14-Sep-2021,9687,6867,8136,1197214,
15-Sep-2021,8724,10086,8539,1205938,
16-Sep-2021,3245,3848,9311,1209183,
17-Sep-2021,4888,6950,8639,1214071,
18-Sep-2021,7445,3763,7927,1221516,
19-Sep-2021,197,2105,7522,1221713,
