date,amount,recovered,avg,sum,coronaEvents,recovered_cum,recoveredAvg
12-Feb-2020,0,0,,7,,104,
13-Feb-2020,0,0,0,7,,104,0
14-Feb-2020,0,0,0,7,,104,0
15-Feb-2020,0,0,0,7,,104,0
16-Feb-2020,0,0,0,7,,104,0
17-Feb-2020,0,0,0,7,,104,0
18-Feb-2020,0,0,0,7,,104,0
19-Feb-2020,0,0,0,7,,104,0
20-Feb-2020,0,1,0,7,,105,0
21-Feb-2020,1,0,0,8,,105,0
22-Feb-2020,0,0,0,8,,105,0
23-Feb-2020,0,0,0,8,,105,0
24-Feb-2020,1,0,0,9,,105,0
25-Feb-2020,0,0,0,9,,105,0
26-Feb-2020,0,0,0,9,,105,0
27-Feb-2020,1,0,0,10,,105,0
28-Feb-2020,3,0,0,13,,105,0
29-Feb-2020,0,0,0,13,,105,0
01-Mar-2020,1,0,0,14,,105,0
02-Mar-2020,5,0,0,19,,105,0
03-Mar-2020,3,0,1,22,,105,0
04-Mar-2020,0,0,1,22,,105,0
05-Mar-2020,9,0,1,31,,105,0
06-Mar-2020,4,0,3,35,,105,0
07-Mar-2020,4,0,3,39,,105,0
08-Mar-2020,9,0,3,48,,105,0
09-Mar-2020,4,0,4,52,,105,0
10-Mar-2020,33,0,4,85,,105,0
11-Mar-2020,19,0,9,104,,105,0
12-Mar-2020,22,0,11,126,,105,0
13-Mar-2020,35,1,13,161,,106,0
14-Mar-2020,29,0,18,190,סגר ראשון ,106,0
15-Mar-2020,40,0,21,230,,106,0
16-Mar-2020,73,0,26,303,,106,0
17-Mar-2020,94,2,35,397,,108,0
18-Mar-2020,125,2,44,522,,110,0
19-Mar-2020,136,4,59,658,,114,0
20-Mar-2020,168,1,76,826,,115,1
21-Mar-2020,209,0,95,1035,,115,1
22-Mar-2020,252,5,120,1287,,120,1
23-Mar-2020,350,5,151,1637,,125,2
24-Mar-2020,420,5,190,2057,,130,2
25-Mar-2020,423,6,237,2480,,136,3
26-Mar-2020,519,9,279,2999,,145,3
27-Mar-2020,432,18,334,3431,,163,4
28-Mar-2020,476,9,372,3907,,172,6
29-Mar-2020,528,14,410,4435,,186,8
30-Mar-2020,551,33,449,4986,,219,9
31-Mar-2020,737,43,478,5723,,262,13
01-Apr-2020,694,32,523,6417,,294,18
02-Apr-2020,724,79,562,7141,,373,22
03-Apr-2020,600,54,591,7741,,427,32
04-Apr-2020,428,52,615,8169,,479,37
05-Apr-2020,584,100,608,8753,,579,43
06-Apr-2020,449,118,616,9202,,697,56
07-Apr-2020,376,120,602,9578,,817,68
08-Apr-2020,340,105,550,9918,,922,79
09-Apr-2020,340,110,500,10258,,1032,89
10-Apr-2020,355,123,445,10613,,1155,94
11-Apr-2020,342,120,410,10955,,1275,104
12-Apr-2020,551,258,398,11506,,1533,113
13-Apr-2020,437,278,393,11943,,1811,136
14-Apr-2020,394,286,391,12337,,2097,159
15-Apr-2020,305,276,394,12642,,2373,182
16-Apr-2020,296,328,389,12938,,2701,207
17-Apr-2020,297,356,382,13235,,3057,238
18-Apr-2020,288,249,374,13523,,3306,271
19-Apr-2020,274,380,366,13797,פתיחת משק חלקית לאחר סגר ראשון,3686,290
20-Apr-2020,297,448,327,14094,,4134,307
21-Apr-2020,279,371,307,14373,,4505,331
22-Apr-2020,226,391,290,14599,,4896,344
23-Apr-2020,275,328,279,14874,,5224,360
24-Apr-2020,249,337,276,15123,,5561,360
25-Apr-2020,159,375,269,15282,,5936,357
26-Apr-2020,82,431,251,15364,,6367,375
27-Apr-2020,127,467,223,15491,,6834,383
28-Apr-2020,161,564,199,15652,,7398,385
29-Apr-2020,82,350,182,15734,,7748,413
30-Apr-2020,143,426,162,15877,,8174,407
01-May-2020,116,423,143,15993,,8597,421
02-May-2020,57,277,124,16050,,8874,433
03-May-2020,27,286,109,16077,,9160,419
04-May-2020,55,257,101,16132,,9417,399
05-May-2020,33,317,91,16165,,9734,369
06-May-2020,65,261,73,16230,,9995,333
07-May-2020,61,225,70,16291,,10220,321
08-May-2020,33,222,59,16324,,10442,292
09-May-2020,20,91,47,16344,,10533,263
10-May-2020,29,168,42,16373,,10701,237
11-May-2020,39,327,42,16412,,11028,220
12-May-2020,23,258,40,16435,,11286,230
13-May-2020,39,177,38,16474,,11463,221
14-May-2020,22,240,34,16496,,11703,209
15-May-2020,12,160,29,16508,,11863,211
16-May-2020,5,101,26,16513,,11964,203
17-May-2020,15,150,24,16528,,12114,204
18-May-2020,27,273,22,16555,,12387,201
19-May-2020,22,152,20,16577,,12539,194
20-May-2020,15,109,20,16592,,12648,179
21-May-2020,18,122,16,16610,,12770,169
22-May-2020,19,162,16,16629,,12932,152
23-May-2020,5,43,17,16634,,12975,152
24-May-2020,13,115,17,16647,,13090,144
25-May-2020,22,132,17,16669,,13222,139
26-May-2020,50,91,16,16719,,13313,119
27-May-2020,40,60,20,16759,פתיחת משק מלאה לאחר סגר ראשון,13373,110
28-May-2020,77,113,23,16836,,13486,103
29-May-2020,113,39,32,16949,,13525,102
30-May-2020,29,41,45,16978,,13566,84
31-May-2020,87,61,49,17065,,13627,84
01-Jun-2020,100,67,59,17165,,13694,76
02-Jun-2020,121,53,70,17286,,13747,67
03-Jun-2020,96,27,81,17382,,13774,62
04-Jun-2020,142,42,89,17524,,13816,57
05-Jun-2020,127,37,98,17651,,13853,47
06-Jun-2020,78,24,100,17729,,13877,46
07-Jun-2020,140,42,107,17869,,13919,44
08-Jun-2020,179,39,114,18048,,13958,41
09-Jun-2020,174,46,126,18222,,14004,37
10-Jun-2020,241,52,133,18463,,14056,36
11-Jun-2020,192,55,154,18655,,14111,40
12-Jun-2020,184,53,161,18839,,14164,42
13-Jun-2020,149,41,169,18988,,14205,44
14-Jun-2020,137,50,179,19125,,14255,46
15-Jun-2020,200,88,179,19325,,14343,48
16-Jun-2020,298,51,182,19623,,14394,55
17-Jun-2020,269,48,200,19892,,14442,55
18-Jun-2020,303,50,204,20195,,14492,55
19-Jun-2020,311,57,220,20506,,14549,54
20-Jun-2020,161,37,238,20667,,14586,55
21-Jun-2020,174,49,239,20841,,14635,54
22-Jun-2020,344,60,245,21185,,14695,54
23-Jun-2020,452,84,265,21637,,14779,50
24-Jun-2020,486,72,287,22123,,14851,55
25-Jun-2020,516,76,318,22639,,14927,58
26-Jun-2020,464,130,349,23103,,15057,62
27-Jun-2020,397,50,371,23500,,15107,72
28-Jun-2020,383,139,404,23883,,15246,74
29-Jun-2020,759,166,434,24642,,15412,87
30-Jun-2020,789,127,493,25431,,15539,102
01-Jul-2020,968,99,542,26399,,15638,108
02-Jul-2020,1154,124,610,27553,,15762,112
03-Jul-2020,941,119,702,28494,,15881,119
04-Jul-2020,821,76,770,29315,,15957,117
05-Jul-2020,825,143,830,30140,,16100,121
06-Jul-2020,1128,194,893,31268,,16294,122
07-Jul-2020,1384,173,946,32652,,16467,126
08-Jul-2020,1329,226,1031,33981,,16693,132
09-Jul-2020,1521,225,1083,35502,,16918,150
10-Jul-2020,1407,212,1135,36909,,17130,165
11-Jul-2020,1168,191,1202,38077,,17321,178
12-Jul-2020,1236,336,1251,39313,,17657,194
13-Jul-2020,1717,362,1310,41030,,18019,222
14-Jul-2020,1601,314,1394,42631,,18333,246
15-Jul-2020,1873,361,1425,44504,,18694,266
16-Jul-2020,1936,508,1503,46440,,19202,285
17-Jul-2020,1601,481,1562,48041,,19683,326
18-Jul-2020,1445,447,1590,49486,,20130,364
19-Jul-2020,1016,517,1629,50502,,20647,401
20-Jul-2020,1887,626,1598,52389,,21273,427
21-Jul-2020,2004,641,1622,54393,,21914,464
22-Jul-2020,2041,3710,1680,56434,,25624,511
23-Jul-2020,1988,6710,1704,58422,,32334,990
24-Jul-2020,1824,1589,1711,60246,,33923,1876
25-Jul-2020,1110,587,1743,61356,,34510,2034
26-Jul-2020,1040,2729,1695,62396,,37239,2054
27-Jul-2020,2048,1756,1699,64444,,38995,2370
28-Jul-2020,2120,1550,1722,66564,,40545,2531
29-Jul-2020,1957,1393,1738,68521,,41938,2661
30-Jul-2020,1786,1678,1726,70307,,43616,2330
31-Jul-2020,1359,1294,1697,71666,,44910,1611
01-Aug-2020,623,535,1631,72289,,45445,1569
02-Aug-2020,708,2430,1561,72997,,47875,1562
03-Aug-2020,1799,1782,1514,74796,,49657,1519
04-Aug-2020,1726,1643,1478,76522,,51300,1523
05-Aug-2020,1686,1477,1422,78208,,52777,1536
06-Aug-2020,1675,1743,1383,79883,,54520,1548
07-Aug-2020,1761,1207,1368,81644,,55727,1557
08-Aug-2020,755,605,1425,82399,,56332,1545
09-Aug-2020,922,2329,1444,83321,,58661,1555
10-Aug-2020,1697,1392,1474,85018,,60053,1540
11-Aug-2020,1823,984,1460,86841,,61037,1485
12-Aug-2020,1617,1132,1474,88458,,62169,1391
13-Aug-2020,1641,1305,1464,90099,,63474,1341
14-Aug-2020,1389,986,1459,91488,,64460,1279
15-Aug-2020,754,567,1406,92242,,65027,1247
16-Aug-2020,1069,2217,1406,93311,,67244,1242
17-Aug-2020,1649,1187,1427,94960,,68431,1226
18-Aug-2020,1648,1114,1420,96608,,69545,1196
19-Aug-2020,1639,1473,1395,98247,,71018,1215
20-Aug-2020,1485,1427,1398,99732,,72445,1264
21-Aug-2020,1491,1037,1376,101223,,73482,1281
22-Aug-2020,710,662,1390,101933,,74144,1288
23-Aug-2020,964,2114,1384,102897,,76258,1302
24-Aug-2020,1901,1397,1369,104798,,77655,1287
25-Aug-2020,1958,795,1405,106756,,78450,1317
26-Aug-2020,1984,3631,1449,108740,,82081,1272
27-Aug-2020,2106,1511,1499,110846,,83592,1580
28-Aug-2020,1833,1831,1587,112679,,85423,1592
29-Aug-2020,909,707,1636,113588,,86130,1705
30-Aug-2020,1100,2256,1665,114688,,88386,1712
31-Aug-2020,2171,1466,1684,116859,,89852,1732
01-Sep-2020,2255,1007,1723,119114,,90859,1742
02-Sep-2020,3194,1394,1765,122308,,92253,1772
03-Sep-2020,2664,1797,1938,124972,,94050,1453
04-Sep-2020,2623,1189,2018,127595,,95239,1494
05-Sep-2020,1504,883,2130,129099,,96122,1402
06-Sep-2020,2175,2394,2215,131274,,98516,1427
07-Sep-2020,3386,1594,2369,134660,,100110,1447
08-Sep-2020,3487,1428,2543,138147,,101538,1465
09-Sep-2020,3992,1462,2719,142139,,103000,1525
10-Sep-2020,4158,1974,2833,146297,,104974,1535
11-Sep-2020,3971,1771,3046,150268,,106745,1560
12-Sep-2020,2717,1260,3239,152985,,108005,1643
13-Sep-2020,3171,3262,3412,156156,,111267,1697
14-Sep-2020,4804,2394,3554,160960,,113661,1821
15-Sep-2020,5528,2263,3757,166488,,115924,1935
16-Sep-2020,4568,2788,4048,171056,,118712,2055
17-Sep-2020,5378,3708,4131,176434,,122420,2244
18-Sep-2020,5334,2839,4305,181768,סגר שני,125259,2492
19-Sep-2020,3809,1438,4500,185577,,126697,2644
20-Sep-2020,2576,2468,4656,188153,,129165,2670
21-Sep-2020,3869,4644,4571,192022,,133809,2556
22-Sep-2020,7018,3500,4437,199040,,137309,2878
23-Sep-2020,7142,3809,4650,206182,,141118,3055
24-Sep-2020,8259,4575,5018,214441,,145693,3200
25-Sep-2020,8387,4125,5429,222828,,149818,3324
26-Sep-2020,5880,2392,5865,228708,,152210,3508
27-Sep-2020,3436,5678,6161,232144,,157888,3644
28-Sep-2020,1154,2163,6284,233298,,160051,4103
29-Sep-2020,4989,5774,5896,238287,,165825,3748
30-Sep-2020,9049,5126,5606,247336,,170951,4073
01-Oct-2020,7721,5749,5879,255057,,176700,4261
02-Oct-2020,7054,5571,5802,262111,,182271,4429
03-Oct-2020,2595,3484,5611,264706,,185755,4636
04-Oct-2020,2936,8100,5142,267642,,193855,4792
05-Oct-2020,5709,6950,5071,273351,,200805,5138
06-Oct-2020,4717,6404,5721,278068,,207209,5822
07-Oct-2020,4153,4892,5683,282221,,212101,5912
08-Oct-2020,3752,4793,4983,285973,,216894,5878
09-Oct-2020,2954,5084,4416,288927,,221978,5742
10-Oct-2020,916,3781,3830,289843,,225759,5672
11-Oct-2020,1638,7542,3591,291481,,233301,5714
12-Oct-2020,3154,5502,3405,294635,,238803,5635
13-Oct-2020,2335,5706,3040,296970,,244509,5428
14-Oct-2020,2118,5826,2700,299088,,250335,5328
15-Oct-2020,1610,5406,2409,300698,,255741,5462
16-Oct-2020,1496,3472,2103,302194,,259213,5549
17-Oct-2020,410,2501,1895,302604,,261714,5319
18-Oct-2020,923,4889,1823,303527,פתיחת סגר שני,266603,5136
19-Oct-2020,1516,2325,1720,305043,,268928,4757
20-Oct-2020,1192,1790,1486,306235,,270718,4303
21-Oct-2020,1170,3117,1323,307405,,273835,3744
22-Oct-2020,1032,3105,1188,308437,,276940,3357
23-Oct-2020,848,2427,1105,309285,,279367,3028
24-Oct-2020,247,1297,1013,309532,,280664,2879
25-Oct-2020,604,2662,989,310136,,283326,2707
26-Oct-2020,884,1281,944,311020,,284607,2389
27-Oct-2020,885,955,853,311905,,285562,2239
28-Oct-2020,724,1290,810,312629,,286852,2120
29-Oct-2020,647,1437,746,313276,,288289,1859
30-Oct-2020,681,1057,691,313957,,289346,1621
31-Oct-2020,228,796,667,314185,,290142,1425
01-Nov-2020,657,1506,664,314842,,291648,1354
02-Nov-2020,792,910,672,315634,,292558,1188
03-Nov-2020,843,724,659,316477,,293282,1135
04-Nov-2020,769,630,653,317246,,293912,1102
05-Nov-2020,568,841,659,317814,,294753,1008
06-Nov-2020,689,886,648,318503,,295639,923
07-Nov-2020,212,681,649,318715,הקלות סגר שני – פתיחת חנויות רחוב,296320,899
08-Nov-2020,535,679,647,319250,,296999,882
09-Nov-2020,723,919,629,319973,,297918,764
10-Nov-2020,674,336,619,320647,,298254,765
11-Nov-2020,768,1079,595,321415,,299333,710
12-Nov-2020,837,1202,595,322252,,300535,774
13-Nov-2020,761,732,634,323013,,301267,826
14-Nov-2020,292,419,644,323305,,301686,804
15-Nov-2020,627,963,655,323932,,302649,766
16-Nov-2020,874,653,668,324806,,303302,807
17-Nov-2020,830,576,690,325636,,303878,769
18-Nov-2020,797,788,712,326433,,304666,803
19-Nov-2020,771,750,716,327204,,305416,761
20-Nov-2020,772,667,707,327976,,306083,697
21-Nov-2020,423,447,709,328399,,306530,688
22-Nov-2020,763,996,727,329162,,307526,692
23-Nov-2020,961,652,747,330123,,308178,696
24-Nov-2020,859,541,759,330982,,308719,696
25-Nov-2020,1082,840,763,332064,,309559,691
26-Nov-2020,1086,923,804,333150,,310482,699
27-Nov-2020,1033,681,849,334183,הקלות סגר שני – פיילוט קניונים,311163,723
28-Nov-2020,583,412,886,334766,,311575,725
29-Nov-2020,1026,1101,909,335792,,312676,720
30-Nov-2020,1257,729,947,337049,,313405,735
01-Dec-2020,1200,697,989,338249,,314102,746
02-Dec-2020,1589,835,1038,339838,,314937,769
03-Dec-2020,1450,1422,1110,341288,,316359,768
04-Dec-2020,1515,860,1162,342803,,317219,839
05-Dec-2020,1000,590,1231,343803,,317809,865
06-Dec-2020,1359,1389,1291,345162,,319198,890
07-Dec-2020,1864,907,1338,347026,,320105,931
08-Dec-2020,1771,892,1425,348797,,320997,957
09-Dec-2020,1868,1022,1506,350665,,322019,985
10-Dec-2020,2009,1431,1546,352674,,323450,1011
11-Dec-2020,1835,1143,1626,354509,,324593,1013
12-Dec-2020,1297,916,1672,355806,,325509,1053
13-Dec-2020,1727,1893,1714,357533,,327402,1100
14-Dec-2020,2322,1263,1767,359855,,328665,1172
15-Dec-2020,2894,1199,1832,362749,,329864,1222
16-Dec-2020,2860,1617,1993,365609,,331481,1266
17-Dec-2020,2847,1946,2134,368456,,333427,1351
18-Dec-2020,2793,1547,2254,371249,,334974,1425
19-Dec-2020,1889,1080,2391,373138,,336054,1483
20-Dec-2020,3096,2551,2476,376234,תחילת חיסונים מנה 1,338605,1506
21-Dec-2020,3861,1551,2671,380095,,340156,1600
22-Dec-2020,4380,1621,2891,384475,,341777,1641
23-Dec-2020,4043,2015,3103,388518,,343792,1701
24-Dec-2020,4049,2858,3272,392567,,346650,1758
25-Dec-2020,4005,2389,3444,396572,,349039,1889
26-Dec-2020,2660,1798,3617,399232,,350837,2009
27-Dec-2020,3534,4190,3727,402766,סגר שלישי,355027,2111
28-Dec-2020,5525,2470,3790,408291,,357497,2346
29-Dec-2020,5633,2380,4028,413924,,359877,2477
30-Dec-2020,5871,3718,4207,419795,,363595,2585
31-Dec-2020,5869,4247,4468,425664,,367842,2829
01-Jan-2021,6014,3440,4728,431678,,371282,3027
02-Jan-2021,4212,2033,5015,435890,,373315,3177
03-Jan-2021,5232,5549,5236,441122,,378864,3211
04-Jan-2021,8424,3076,5479,449546,,381940,3405
05-Jan-2021,8233,2949,5893,457779,,384889,3491
06-Jan-2021,7884,4762,6265,465663,,389651,3573
07-Jan-2021,7664,5841,6552,473327,,395492,3722
08-Jan-2021,8162,4827,6809,481489,הידוק סגר שלישי,400319,3950
09-Jan-2021,5165,3069,7115,486654,,403388,4148
10-Jan-2021,6956,8331,7252,493610,תחילת חיסונים מנה 2,411719,4296
11-Jan-2021,9730,4831,7498,503340,,416550,4693
12-Jan-2021,9299,4556,7684,512639,,421106,4944
13-Jan-2021,9474,7992,7837,522113,,429098,5173
14-Jan-2021,9301,9165,8064,531414,,438263,5635
15-Jan-2021,8431,7981,8298,539845,,446244,6110
16-Jan-2021,5086,4266,8336,544931,,450510,6560
17-Jan-2021,5661,10874,8325,550592,,461384,6731
18-Jan-2021,10122,6152,8140,560714,,467536,7095
19-Jan-2021,8634,5494,8196,569348,,473030,7283
20-Jan-2021,8363,8753,8101,577711,,481783,7417
21-Jan-2021,7272,9952,7942,584983,,491735,7526
22-Jan-2021,7387,8435,7652,592370,,500170,7638
23-Jan-2021,2447,4168,7503,594817,,504338,7703
24-Jan-2021,4939,10516,7126,599756,,514854,7689
25-Jan-2021,8720,5607,7023,608476,,520461,7638
26-Jan-2021,7817,5082,6823,616293,,525543,7560
27-Jan-2021,7749,8655,6706,624042,,534198,7501
28-Jan-2021,7197,9193,6618,631239,,543391,7487
29-Jan-2021,6776,7530,6608,638015,,550921,7379
30-Jan-2021,2628,3535,6520,640643,,554456,7250
31-Jan-2021,5240,10076,6546,645883,,564532,7159
01-Feb-2021,8930,5114,6589,654813,,569646,7096
02-Feb-2021,8025,4395,6619,662838,,574041,7026
03-Feb-2021,7462,8171,6649,670300,,582212,6928
04-Feb-2021,7264,8120,6608,677564,,590332,6859
05-Feb-2021,6601,7237,6617,684165,,597569,6705
06-Feb-2021,2660,3047,6592,686825,,600616,6664
07-Feb-2021,4605,9699,6597,691430,פתיחת סגר שלשי ,610315,6594
08-Feb-2021,7857,4975,6506,699287,,615290,6540
09-Feb-2021,6168,4909,6353,705455,,620199,6520
10-Feb-2021,5677,8225,6088,711132,,628424,6594
11-Feb-2021,5052,8721,5833,716184,,637145,6601
12-Feb-2021,4674,7198,5517,720858,,644343,6687
13-Feb-2021,1890,3386,5241,722748,,647729,6682
14-Feb-2021,3489,9589,5131,726237,,657318,6730
15-Feb-2021,5199,4856,4972,731436,,662174,6714
16-Feb-2021,4583,3734,4592,736019,,665908,6697
17-Feb-2021,4168,6495,4366,740187,,672403,6529
18-Feb-2021,3338,7459,4150,743525,,679862,6282
19-Feb-2021,3794,5890,3905,747319,,685752,6102
20-Feb-2021,1255,3376,3780,748574,,689128,5915
21-Feb-2021,3112,7376,3689,751686,פתיחה חלקית של המשק לאחר סגר שלישי,696504,5914
22-Feb-2021,4811,3648,3635,756497,,700152,5598
23-Feb-2021,4443,3158,3580,760940,,703310,5425
24-Feb-2021,4375,5347,3560,765315,,708657,5343
25-Feb-2021,3820,4986,3589,769135,,713643,5179
26-Feb-2021,3820,3735,3658,772955,,717378,4825
27-Feb-2021,1443,1561,3662,774398,,718939,4518
28-Feb-2021,3058,5634,3689,777456,,724573,4258
01-Mar-2021,4866,2730,3681,782322,,727303,4009
02-Mar-2021,4388,2919,3689,786710,,730222,3878
03-Mar-2021,4670,4579,3681,791380,,734801,3844
04-Mar-2021,3658,4765,3723,795038,,739566,3734
05-Mar-2021,3708,3966,3700,798746,,743532,3703
06-Mar-2021,1876,1912,3684,800622,,745444,3736
07-Mar-2021,2363,5684,3746,802985,פתיחת משק מלאה לאחר סגר שלישי,751128,3786
08-Mar-2021,3796,2669,3647,806781,,753797,3793
09-Mar-2021,3127,2917,3494,809908,,756714,3784
10-Mar-2021,2842,4566,3314,812750,,761280,3784
11-Mar-2021,2553,4966,3052,815303,,766246,3782
12-Mar-2021,2413,3885,2895,817716,,770131,3811
13-Mar-2021,787,2016,2710,818503,,772147,3799
14-Mar-2021,1407,5789,2554,819910,,777936,3814
15-Mar-2021,2129,2640,2417,822039,,780576,3829
16-Mar-2021,1566,2235,2179,823605,,782811,3825
17-Mar-2021,1540,3612,1956,825145,,786423,3728
18-Mar-2021,1253,3580,1770,826398,,790003,3591
19-Mar-2021,1085,2540,1585,827483,,792543,3393
20-Mar-2021,351,1455,1395,827834,,793998,3201
21-Mar-2021,681,3480,1333,828515,,797478,3121
22-Mar-2021,982,1680,1229,829497,,799158,2791
23-Mar-2021,695,736,1065,830192,,799894,2654
24-Mar-2021,478,2245,941,830670,,802139,2440
25-Mar-2021,877,2093,789,831547,,804232,2245
26-Mar-2021,534,1491,735,832081,,805723,2032
27-Mar-2021,236,857,656,832317,,806580,1882
28-Mar-2021,131,878,640,832448,,807458,1797
29-Mar-2021,374,1468,561,832822,,808926,1425
30-Mar-2021,449,817,475,833271,,809743,1395
31-Mar-2021,498,1078,439,833769,,810821,1407
01-Apr-2021,335,1062,442,834104,,811883,1240
02-Apr-2021,419,634,365,834523,,812517,1093
03-Apr-2021,124,462,348,834647,,812979,970
04-Apr-2021,197,1057,332,834844,,814036,914
05-Apr-2021,383,509,342,835227,,814545,939
06-Apr-2021,307,492,343,835534,,815037,802
07-Apr-2021,275,425,323,835809,,815462,756
08-Apr-2021,212,638,291,836021,,816100,663
09-Apr-2021,226,577,273,836247,,816677,602
10-Apr-2021,86,387,246,836333,,817064,594
11-Apr-2021,141,778,240,836474,,817842,583
12-Apr-2021,224,359,232,836698,,818201,543
13-Apr-2021,198,379,210,836896,,818580,522
14-Apr-2021,195,484,194,837091,,819064,506
15-Apr-2021,95,261,183,837186,,819325,514
16-Apr-2021,111,366,166,837297,,819691,460
17-Apr-2021,84,211,150,837381,,819902,430
18-Apr-2021,178,545,149,837559,פתיחת לימודים ללא קפסולות,820447,405
19-Apr-2021,144,202,155,837703,,820649,372
20-Apr-2021,172,225,143,837875,,820874,349
21-Apr-2021,115,234,139,837990,,821108,327
22-Apr-2021,145,334,128,838135,,821442,292
23-Apr-2021,111,266,135,838246,,821708,302
24-Apr-2021,39,114,135,838285,,821822,288
25-Apr-2021,79,191,129,838364,,822013,274
26-Apr-2021,99,146,115,838463,,822159,223
27-Apr-2021,102,149,108,838565,,822308,215
28-Apr-2021,106,177,98,838671,,822485,204
29-Apr-2021,97,170,97,838768,,822655,196
30-Apr-2021,79,130,90,838847,,822785,173
01-May-2021,15,71,85,838862,,822856,153
02-May-2021,53,217,82,838915,,823073,147
03-May-2021,76,152,78,838991,,823225,151
04-May-2021,64,108,75,839055,,823333,152
05-May-2021,73,139,70,839128,,823472,146
06-May-2021,54,144,65,839182,,823616,141
07-May-2021,34,88,59,839216,,823704,137
08-May-2021,16,64,52,839232,,823768,131
09-May-2021,33,145,52,839265,,823913,130
10-May-2021,56,57,50,839321,,823970,120
11-May-2021,38,85,47,839359,,824055,106
12-May-2021,28,94,43,839387,,824149,103
13-May-2021,33,75,37,839420,,824224,96
14-May-2021,27,64,34,839447,,824288,86
15-May-2021,20,45,33,839467,,824333,83
16-May-2021,32,100,33,839499,,824433,80
17-May-2021,15,18,33,839514,,824451,74
18-May-2021,23,92,27,839537,,824543,68
19-May-2021,56,91,25,839593,,824634,69
20-May-2021,35,75,29,839628,,824709,69
21-May-2021,22,34,29,839650,,824743,69
22-May-2021,12,25,29,839662,,824768,65
23-May-2021,26,86,27,839688,,824854,62
24-May-2021,30,30,27,839718,,824884,60
25-May-2021,22,42,29,839740,,824926,61
26-May-2021,16,36,29,839756,,824962,54
27-May-2021,15,38,23,839771,,825000,46
28-May-2021,18,40,20,839789,,825040,41
29-May-2021,13,17,19,839802,,825057,42
30-May-2021,3,70,20,839805,,825127,41
31-May-2021,14,28,16,839819,,825155,39
01-Jun-2021,35,36,14,839854,,825191,38
02-Jun-2021,13,48,16,839867,,825239,37
03-Jun-2021,10,137,15,839877,,825376,39
04-Jun-2021,31,12,15,839908,,825388,53
05-Jun-2021,6,6,17,839914,,825394,49
06-Jun-2021,4,54,16,839918,,825448,48
07-Jun-2021,7,52,16,839925,,825500,45
08-Jun-2021,30,15,15,839955,,825515,49
09-Jun-2021,8,21,14,839963,,825536,46
10-Jun-2021,18,32,13,839981,,825568,42
11-Jun-2021,18,19,14,839999,,825587,27
12-Jun-2021,5,14,13,840004,,825601,28
13-Jun-2021,3,28,12,840007,,825629,29
14-Jun-2021,26,21,12,840033,,825650,25
15-Jun-2021,26,15,15,840059,,825665,21
16-Jun-2021,14,10,14,840073,,825675,21
17-Jun-2021,28,44,15,840101,,825719,19
18-Jun-2021,35,12,17,840136,,825731,21
19-Jun-2021,47,9,19,840183,,825740,20
20-Jun-2021,51,86,25,840234,,825826,19
21-Jun-2021,125,38,32,840359,,825864,28
22-Jun-2021,113,10,46,840472,,825874,30
23-Jun-2021,151,25,59,840623,,825899,29
24-Jun-2021,241,41,78,840864,,825940,32
25-Jun-2021,232,16,109,841096,,825956,31
26-Jun-2021,118,15,137,841214,,825971,32
27-Jun-2021,145,72,147,841359,,826043,33
28-Jun-2021,289,57,160,841648,,826100,31
29-Jun-2021,301,75,184,841949,הפעלת התו הירוק במתחמים מעל 100 איש בגל הרביעי,826175,33
30-Jun-2021,325,93,211,842274,,826268,43
01-Jul-2021,299,164,235,842573,,826432,52
02-Jul-2021,354,136,244,842927,,826568,70
03-Jul-2021,189,96,261,843116,,826664,87
04-Jul-2021,350,286,271,843466,,826950,99
05-Jul-2021,504,195,301,843970,,827145,129
06-Jul-2021,536,176,331,844506,,827321,149
07-Jul-2021,526,244,365,845032,,827565,163
08-Jul-2021,472,326,394,845504,,827891,185
09-Jul-2021,541,248,418,846045,,828139,208
10-Jul-2021,261,133,445,846306,,828272,224
11-Jul-2021,443,424,455,846749,,828696,229
12-Jul-2021,764,280,469,847513,,828976,249
13-Jul-2021,749,326,506,848262,,829302,261
14-Jul-2021,773,450,536,849035,,829752,283
15-Jul-2021,872,562,571,849907,,830314,312
16-Jul-2021,1139,472,629,851046,,830786,346
17-Jul-2021,439,202,714,851485,,830988,378
18-Jul-2021,838,644,739,852323,,831632,388
19-Jul-2021,1394,445,796,853717,,832077,419
20-Jul-2021,1413,379,886,855130,,832456,443
21-Jul-2021,1358,641,981,856488,,833097,450
22-Jul-2021,1289,780,1064,857777,,833877,477
23-Jul-2021,1442,696,1124,859219,,834573,509
24-Jul-2021,973,407,1167,860192,,834980,541
25-Jul-2021,1428,1305,1243,861620,,836285,570
26-Jul-2021,2135,834,1328,863755,,837119,664
27-Jul-2021,2299,898,1434,866054,,838017,720
28-Jul-2021,2195,1149,1560,868249,,839166,794
29-Jul-2021,2180,1358,1680,870429,,840524,867
30-Jul-2021,2457,1230,1807,872886,,841754,949
31-Jul-2021,2103,583,1952,874989,,842337,1025
01-Aug-2021,2126,1910,2113,877115,תחילת חיסונים מנה 3,844247,1051
02-Aug-2021,3862,1111,2213,880977,,845358,1137
03-Aug-2021,3313,1253,2460,884290,,846611,1177
04-Aug-2021,3510,1843,2605,887800,,848454,1227
05-Aug-2021,3887,2261,2793,891687,,850715,1326
06-Aug-2021,3890,1905,3036,895577,,852620,1455
07-Aug-2021,2936,1011,3241,898513,,853631,1552
08-Aug-2021,3447,3263,3360,901960,,856894,1613
09-Aug-2021,6382,2004,3549,908342,,858898,1806
10-Aug-2021,5860,2353,3909,914202,,861251,1934
11-Aug-2021,6027,3260,4273,920229,,864511,2091
12-Aug-2021,6154,3628,4632,926383,,868139,2293
13-Aug-2021,5976,3243,4956,932359,,871382,2489
14-Aug-2021,4233,1576,5254,936592,,872958,2680
15-Aug-2021,5199,5069,5439,941791,,878027,2761
16-Aug-2021,8799,3413,5690,950590,,881440,3019
17-Aug-2021,7994,3321,6035,958584,,884761,3220
18-Aug-2021,8037,5273,6340,966621,,890034,3358
19-Aug-2021,7842,5850,6627,974463,,895884,3646
20-Aug-2021,7908,5464,6868,982371,,901348,3963
21-Aug-2021,5417,2717,7144,987788,,904065,4280
22-Aug-2021,6594,8181,7313,994382,,912246,4443
23-Aug-2021,10115,4981,7513,1004497,,917227,4888
24-Aug-2021,10086,4886,7701,1014583,,922113,5112
25-Aug-2021,9244,7707,7999,1023827,,929820,5336
26-Aug-2021,9124,8572,8172,1032951,,938392,5683
27-Aug-2021,8700,7892,8355,1041651,,946284,6072
28-Aug-2021,7280,3933,8468,1048931,,950217,6419
29-Aug-2021,6792,10669,8734,1055723,,960886,6593
30-Aug-2021,11158,6879,8763,1066881,,967765,6948
31-Aug-2021,10447,6345,8912,1077328,,974110,7219
01-Sep-2021,11305,9301,8963,1088633,,983411,7428
02-Sep-2021,11344,10517,9258,1099977,,993928,7655
03-Sep-2021,9914,9294,9575,1109891,,1003222,7933
04-Sep-2021,5068,5165,9748,1114959,,1008387,8134
05-Sep-2021,5868,12364,9432,1120827,,1020751,8310
06-Sep-2021,10871,9145,9300,1131698,,1029896,8552
07-Sep-2021,6866,4909,9259,1138564,,1034805,8875
08-Sep-2021,3320,5843,8748,1141884,,1040648,8670
09-Sep-2021,7961,13146,7607,1149845,,1053794,8176
10-Sep-2021,9901,11410,7124,1159746,,1065204,8552
11-Sep-2021,10292,5778,7122,1170038,,1070982,8854
12-Sep-2021,7808,12718,7868,1177846,,1083700,8942
13-Sep-2021,10955,7671,8145,1188801,,1091371,8992
14-Sep-2021,9859,6826,8157,1198660,,1098197,8782
15-Sep-2021,8864,10012,8585,1207524,,1108209,9056
16-Sep-2021,3285,3814,9377,1210809,,1112023,9651
17-Sep-2021,5024,6866,8709,1215833,,1118889,8318
18-Sep-2021,8617,3740,8012,1224450,,1122629,7669
19-Sep-2021,6553,15900,7773,1231003,,1138529,7378
20-Sep-2021,8828,10718,7593,1239831,,1149247,7832
21-Sep-2021,4830,4129,7290,1244661,,1153376,8268
22-Sep-2021,6026,11570,6571,1250687,,1164946,7882
23-Sep-2021,6453,9730,6166,1257140,,1174676,8105
24-Sep-2021,4990,7780,6618,1262130,,1182456,8950
25-Sep-2021,2653,3159,6613,1264783,,1185615,9081
26-Sep-2021,3874,5353,5761,1268657,,1190968,8998
27-Sep-2021,5246,8937,5379,1273903,,1199905,7491
28-Sep-2021,2441,5195,4867,1276344,,1205100,7236
29-Sep-2021,3636,9550,4526,1279980,,1214650,7389
30-Sep-2021,4398,6787,4184,1284378,,1221437,7100
01-Oct-2021,3622,4954,3891,1288000,,1226391,6680
02-Oct-2021,1739,3650,3695,1289739,,1230041,6276
03-Oct-2021,2700,7667,3565,1292439,הנחיות חדשות בתו הירוק ,1237708,6346
04-Oct-2021,3277,4480,3397,1295716,,1242188,6677
05-Oct-2021,2557,4078,3116,1298273,,1246266,6040
06-Oct-2021,2429,4654,3132,1300702,,1250920,5880
07-Oct-2021,2120,3947,2960,1302822,,1254867,5181
08-Oct-2021,2024,3130,2634,1304846,,1257997,4775
09-Oct-2021,1040,3006,2406,1305886,,1261003,4515
10-Oct-2021,1490,5194,2306,1307376,,1266197,4423
11-Oct-2021,2343,2694,2133,1309719,,1268891,4069
12-Oct-2021,1816,2942,2000,1311535,,1271833,3814
13-Oct-2021,1772,3224,1894,1313307,,1275057,3652
14-Oct-2021,1345,3142,1800,1314652,,1278199,3448
15-Oct-2021,1575,2199,1690,1316227,,1280398,3333
16-Oct-2021,740,1202,1625,1316967,,1281600,3200
17-Oct-2021,1222,3020,1583,1318189,,1284620,2942
18-Oct-2021,1508,1836,1544,1319697,,1286456,2631
19-Oct-2021,1150,1749,1425,1320847,,1288205,2509
20-Oct-2021,1036,2306,1330,1321883,,1290511,2338
21-Oct-2021,993,2331,1225,1322876,,1292842,2207
22-Oct-2021,982,1738,1174,1323858,,1294580,2091
23-Oct-2021,332,956,1090,1324190,,1295536,2026
24-Oct-2021,842,2250,1031,1325032,,1297786,1990
25-Oct-2021,929,1355,977,1325961,,1299141,1880
26-Oct-2021,729,1370,894,1326690,,1300511,1812
27-Oct-2021,647,1514,834,1327337,,1302025,1758
28-Oct-2021,661,1369,779,1327998,,1303394,1644
29-Oct-2021,617,1177,731,1328615,,1304571,1507
30-Oct-2021,226,641,679,1328841,,1305212,1427
31-Oct-2021,528,1394,664,1329369,,1306606,1382
01-Nov-2021,691,818,619,1330060,היתר כניסת תיירים לישראל על פי מתווה,1307424,1260
02-Nov-2021,667,876,585,1330727,,1308300,1183
03-Nov-2021,616,975,576,1331343,,1309275,1112
04-Nov-2021,519,998,572,1331862,,1310273,1035
05-Nov-2021,558,662,552,1332420,,1310935,982
06-Nov-2021,199,434,543,1332619,,1311369,909
07-Nov-2021,502,887,539,1333121,,1312256,879
08-Nov-2021,566,506,536,1333687,,1312762,807
09-Nov-2021,473,525,518,1334160,,1313287,762
10-Nov-2021,498,719,490,1334658,,1314006,712
11-Nov-2021,393,700,473,1335051,,1314706,675
12-Nov-2021,448,610,455,1335499,,1315316,633
13-Nov-2021,225,361,439,1335724,,1315677,625
14-Nov-2021,397,690,443,1336121,,1316367,615
15-Nov-2021,535,460,428,1336656,,1316827,587
16-Nov-2021,558,519,424,1337214,,1317346,580
17-Nov-2021,483,551,436,1337697,,1317897,579
18-Nov-2021,469,615,434,1338166,,1318512,555
19-Nov-2021,508,383,445,1338674,,1318895,543
20-Nov-2021,237,297,453,1338911,,1319192,511
21-Nov-2021,453,682,455,1339364,,1319874,502
22-Nov-2021,716,321,463,1340080,תחילת מבצע חיסונים לילדים בני 5-11,1320195,501
23-Nov-2021,604,342,489,1340684,,1320537,481
24-Nov-2021,543,512,495,1341227,,1321049,455
25-Nov-2021,539,566,504,1341766,,1321615,450
26-Nov-2021,540,400,514,1342306,,1322015,443
27-Nov-2021,169,313,518,1342475,,1322328,445
28-Nov-2021,543,781,509,1343018,,1323109,448
29-Nov-2021,698,460,522,1343716,,1323569,462
30-Nov-2021,577,553,519,1344293,,1324122,482
01-Dec-2021,563,644,515,1344856,,1324766,512
02-Dec-2021,519,653,518,1345375,,1325419,531
03-Dec-2021,486,528,515,1345861,,1325947,543
04-Dec-2021,248,320,507,1346109,,1326267,561
05-Dec-2021,539,728,519,1346648,,1326995,562
06-Dec-2021,739,452,518,1347387,,1327447,555
07-Dec-2021,813,508,524,1348200,,1327955,554
08-Dec-2021,714,638,558,1348914,,1328593,547
09-Dec-2021,647,684,579,1349561,,1329277,546
10-Dec-2021,607,555,598,1350168,,1329832,551
11-Dec-2021,236,544,615,1350404,,1330376,555
12-Dec-2021,492,709,613,1350896,,1331085,587
13-Dec-2021,771,426,606,1351667,,1331511,584
14-Dec-2021,701,465,611,1352368,,1331976,580
15-Dec-2021,789,669,595,1353157,,1332645,574
16-Dec-2021,863,836,606,1354020,,1333481,578
17-Dec-2021,877,700,637,1354897,,1334181,600
18-Dec-2021,392,426,675,1355289,,1334607,621
19-Dec-2021,1022,745,697,1356311,,1335352,604
20-Dec-2021,1329,504,773,1357640,,1335856,609
21-Dec-2021,1200,441,853,1358840,,1336297,620
22-Dec-2021,1417,638,924,1360257,,1336935,617
23-Dec-2021,1515,675,1014,1361772,,1337610,612
24-Dec-2021,1790,667,1107,1363562,,1338277,589
25-Dec-2021,806,459,1237,1364368,,1338736,585
26-Dec-2021,1806,905,1297,1366174,,1339641,589
27-Dec-2021,2974,774,1409,1369148,,1340415,612
28-Dec-2021,3246,1220,1644,1372394,,1341635,651
29-Dec-2021,4074,1221,1936,1376468,,1342856,762
30-Dec-2021,5081,1340,2315,1381549,,1344196,845
31-Dec-2021,5494,1162,2825,1387043,,1345358,940
01-Jan-2022,4231,1053,3354,1391274,,1346411,1011
02-Jan-2022,6615,1888,3843,1397889,תחילת חיסונים מנה 4 לבני 60 ומעלה ולצוותים רפואיים,1348299,1096
03-Jan-2022,10952,1464,4530,1408841,,1349763,1236
04-Jan-2022,12642,1854,5670,1421483,,1351617,1335
05-Jan-2022,18530,2721,7012,1440013,שינוי מדיניות בדיקות ובידודים - אנטיגן קובע מאומתים,1354338,1426
06-Jan-2022,19022,3560,9077,1459035,,1357898,1640
07-Jan-2022,21991,3718,11069,1481026,,1361616,1957
08-Jan-2022,22859,3159,13426,1503885,,1364775,2322
09-Jan-2022,31124,6223,16087,1535009,,1370998,2623
10-Jan-2022,41408,5051,19588,1576417,,1376049,3242
11-Jan-2022,46740,7035,23939,1623157,,1383084,3755
12-Jan-2022,48588,11858,28810,1671745,,1394942,4495
13-Jan-2022,49234,58233,33104,1720979,,1453175,5800
14-Jan-2022,45831,20183,37420,1766810,,1473358,13611
15-Jan-2022,45044,15928,40826,1811854,,1489286,15963
16-Jan-2022,64704,39731,43995,1876558,,1529017,17787
17-Jan-2022,71966,45410,48792,1948524,,1574427,22574
18-Jan-2022,73721,48849,53158,2022245,,1623276,28339
19-Jan-2022,74887,95335,57012,2097132,,1718611,34313
20-Jan-2022,75029,28364,60769,2172161,,1746975,46238
21-Jan-2022,65581,90236,64454,2237742,,1837211,41971
22-Jan-2022,67873,72020,67276,2305615,,1909231,51979
23-Jan-2022,85141,73978,70537,2390756,,1983209,59992
24-Jan-2022,83634,39476,73456,2474390,,2022685,64884
25-Jan-2022,76265,34915,75123,2550655,,2057600,64036
26-Jan-2022,67834,32628,75487,2618489,,2090228,62046
27-Jan-2022,57636,65914,74479,2676125,,2156142,53088
28-Jan-2022,53193,49027,71994,2729318,,2205169,58452
29-Jan-2022,49431,98628,70225,2778749,,2303797,52565
30-Jan-2022,74283,78361,67590,2853032,,2382158,56366
31-Jan-2022,41867,61069,66039,2894899,,2443227,56992
