date,amount,recovered,avg,sum,coronaEvents,recovered_cum,recoveredAvg
12-Feb-2020,0,0,,7,,101,
13-Feb-2020,0,0,0,7,,101,0
14-Feb-2020,0,0,0,7,,101,0
15-Feb-2020,0,0,0,7,,101,0
16-Feb-2020,0,0,0,7,,101,0
17-Feb-2020,0,0,0,7,,101,0
18-Feb-2020,0,0,0,7,,101,0
19-Feb-2020,0,0,0,7,,101,0
20-Feb-2020,0,1,0,7,,102,0
21-Feb-2020,1,0,0,8,,102,0
22-Feb-2020,0,0,0,8,,102,0
23-Feb-2020,0,0,0,8,,102,0
24-Feb-2020,1,0,0,9,,102,0
25-Feb-2020,0,0,0,9,,102,0
26-Feb-2020,0,0,0,9,,102,0
27-Feb-2020,1,0,0,10,,102,0
28-Feb-2020,3,0,0,13,,102,0
29-Feb-2020,0,0,0,13,,102,0
01-Mar-2020,1,0,0,14,,102,0
02-Mar-2020,5,0,0,19,,102,0
03-Mar-2020,3,0,1,22,,102,0
04-Mar-2020,0,0,1,22,,102,0
05-Mar-2020,9,0,1,31,,102,0
06-Mar-2020,4,0,3,35,,102,0
07-Mar-2020,4,0,3,39,,102,0
08-Mar-2020,9,0,3,48,,102,0
09-Mar-2020,4,0,4,52,,102,0
10-Mar-2020,33,0,4,85,,102,0
11-Mar-2020,19,0,9,104,,102,0
12-Mar-2020,22,0,11,126,,102,0
13-Mar-2020,35,1,13,161,,103,0
14-Mar-2020,29,0,18,190,סגר ראשון ,103,0
15-Mar-2020,40,0,21,230,,103,0
16-Mar-2020,73,0,26,303,,103,0
17-Mar-2020,94,2,35,397,,105,0
18-Mar-2020,125,2,44,522,,107,0
19-Mar-2020,136,4,59,658,,111,0
20-Mar-2020,168,1,76,826,,112,1
21-Mar-2020,209,0,95,1035,,112,1
22-Mar-2020,252,5,120,1287,,117,1
23-Mar-2020,350,6,151,1637,,123,2
24-Mar-2020,420,5,190,2057,,128,2
25-Mar-2020,424,6,237,2481,,134,3
26-Mar-2020,519,9,279,3000,,143,3
27-Mar-2020,432,18,334,3432,,161,4
28-Mar-2020,476,9,372,3908,,170,7
29-Mar-2020,528,14,410,4436,,184,8
30-Mar-2020,551,33,449,4987,,217,9
31-Mar-2020,737,43,478,5724,,260,13
01-Apr-2020,694,32,523,6418,,292,18
02-Apr-2020,724,79,562,7142,,371,22
03-Apr-2020,600,54,591,7742,,425,32
04-Apr-2020,428,52,615,8170,,477,37
05-Apr-2020,584,101,608,8754,,578,43
06-Apr-2020,449,118,616,9203,,696,56
07-Apr-2020,376,120,602,9579,,816,68
08-Apr-2020,340,106,550,9919,,922,79
09-Apr-2020,340,110,500,10259,,1032,90
10-Apr-2020,355,126,445,10614,,1158,94
11-Apr-2020,342,121,410,10956,,1279,104
12-Apr-2020,551,258,398,11507,,1537,114
13-Apr-2020,437,278,393,11944,,1815,137
14-Apr-2020,394,286,391,12338,,2101,159
15-Apr-2020,305,277,394,12643,,2378,183
16-Apr-2020,296,328,389,12939,,2706,208
17-Apr-2020,297,356,382,13236,,3062,239
18-Apr-2020,288,249,374,13524,,3311,272
19-Apr-2020,274,380,366,13798,פתיחת משק חלקית לאחר סגר ראשון,3691,290
20-Apr-2020,297,448,327,14095,,4139,307
21-Apr-2020,279,372,307,14374,,4511,332
22-Apr-2020,226,391,290,14600,,4902,344
23-Apr-2020,275,329,279,14875,,5231,360
24-Apr-2020,249,337,276,15124,,5568,360
25-Apr-2020,159,375,269,15283,,5943,358
26-Apr-2020,82,431,251,15365,,6374,376
27-Apr-2020,127,467,223,15492,,6841,383
28-Apr-2020,161,564,199,15653,,7405,386
29-Apr-2020,82,350,182,15735,,7755,413
30-Apr-2020,143,426,162,15878,,8181,407
01-May-2020,116,423,143,15994,,8604,421
02-May-2020,57,278,124,16051,,8882,433
03-May-2020,27,286,109,16078,,9168,419
04-May-2020,55,258,101,16133,,9426,399
05-May-2020,33,318,91,16166,,9744,369
06-May-2020,65,261,73,16231,,10005,334
07-May-2020,61,225,70,16292,,10230,321
08-May-2020,33,222,59,16325,,10452,292
09-May-2020,20,91,47,16345,,10543,264
10-May-2020,29,168,42,16374,,10711,237
11-May-2020,39,327,42,16413,,11038,220
12-May-2020,23,258,40,16436,,11296,230
13-May-2020,39,177,38,16475,,11473,221
14-May-2020,22,240,34,16497,,11713,209
15-May-2020,12,160,29,16509,,11873,211
16-May-2020,5,102,26,16514,,11975,203
17-May-2020,15,150,24,16529,,12125,204
18-May-2020,27,274,22,16556,,12399,202
19-May-2020,22,152,20,16578,,12551,194
20-May-2020,15,109,20,16593,,12660,179
21-May-2020,18,122,16,16611,,12782,169
22-May-2020,19,162,16,16630,,12944,152
23-May-2020,5,44,17,16635,,12988,153
24-May-2020,13,115,17,16648,,13103,144
25-May-2020,22,132,17,16670,,13235,139
26-May-2020,50,91,16,16720,,13326,119
27-May-2020,40,60,20,16760,פתיחת משק מלאה לאחר סגר ראשון,13386,110
28-May-2020,77,113,23,16837,,13499,103
29-May-2020,113,39,32,16950,,13538,102
30-May-2020,29,41,45,16979,,13579,84
31-May-2020,87,61,49,17066,,13640,84
01-Jun-2020,100,67,59,17166,,13707,76
02-Jun-2020,121,53,70,17287,,13760,67
03-Jun-2020,96,27,81,17383,,13787,62
04-Jun-2020,142,42,89,17525,,13829,57
05-Jun-2020,127,37,98,17652,,13866,47
06-Jun-2020,78,24,100,17730,,13890,46
07-Jun-2020,140,42,107,17870,,13932,44
08-Jun-2020,179,39,114,18049,,13971,41
09-Jun-2020,174,46,126,18223,,14017,37
10-Jun-2020,241,52,133,18464,,14069,36
11-Jun-2020,192,55,154,18656,,14124,40
12-Jun-2020,184,53,161,18840,,14177,42
13-Jun-2020,149,41,169,18989,,14218,44
14-Jun-2020,137,50,179,19126,,14268,46
15-Jun-2020,200,88,179,19326,,14356,48
16-Jun-2020,298,51,182,19624,,14407,55
17-Jun-2020,269,48,200,19893,,14455,55
18-Jun-2020,303,50,204,20196,,14505,55
19-Jun-2020,311,57,220,20507,,14562,54
20-Jun-2020,161,37,238,20668,,14599,55
21-Jun-2020,174,49,239,20842,,14648,54
22-Jun-2020,344,60,245,21186,,14708,54
23-Jun-2020,452,84,265,21638,,14792,50
24-Jun-2020,486,72,287,22124,,14864,55
25-Jun-2020,516,76,318,22640,,14940,58
26-Jun-2020,464,130,349,23104,,15070,62
27-Jun-2020,397,50,371,23501,,15120,72
28-Jun-2020,383,139,404,23884,,15259,74
29-Jun-2020,759,166,434,24643,,15425,87
30-Jun-2020,789,127,493,25432,,15552,102
01-Jul-2020,968,99,542,26400,,15651,108
02-Jul-2020,1154,124,610,27554,,15775,112
03-Jul-2020,941,119,702,28495,,15894,119
04-Jul-2020,821,76,770,29316,,15970,117
05-Jul-2020,825,143,830,30141,,16113,121
06-Jul-2020,1128,195,893,31269,,16308,122
07-Jul-2020,1384,174,946,32653,,16482,126
08-Jul-2020,1329,226,1031,33982,,16708,132
09-Jul-2020,1521,225,1083,35503,,16933,151
10-Jul-2020,1407,212,1135,36910,,17145,165
11-Jul-2020,1169,191,1202,38079,,17336,178
12-Jul-2020,1236,336,1251,39315,,17672,195
13-Jul-2020,1717,362,1310,41032,,18034,222
14-Jul-2020,1601,314,1394,42633,,18348,246
15-Jul-2020,1873,361,1425,44506,,18709,266
16-Jul-2020,1936,508,1503,46442,,19217,285
17-Jul-2020,1601,481,1562,48043,,19698,326
18-Jul-2020,1445,447,1590,49488,,20145,364
19-Jul-2020,1016,517,1629,50504,,20662,401
20-Jul-2020,1887,626,1598,52391,,21288,427
21-Jul-2020,2004,641,1622,54395,,21929,464
22-Jul-2020,2041,3717,1680,56436,,25646,511
23-Jul-2020,1988,6723,1704,58424,,32369,991
24-Jul-2020,1824,1590,1711,60248,,33959,1878
25-Jul-2020,1109,588,1743,61357,,34547,2037
26-Jul-2020,1040,2731,1695,62397,,37278,2057
27-Jul-2020,2048,1758,1699,64445,,39036,2373
28-Jul-2020,2120,1550,1722,66565,,40586,2535
29-Jul-2020,1957,1394,1738,68522,,41980,2665
30-Jul-2020,1786,1681,1726,70308,,43661,2333
31-Jul-2020,1359,1296,1697,71667,,44957,1613
01-Aug-2020,623,535,1631,72290,,45492,1571
02-Aug-2020,708,2431,1561,72998,,47923,1563
03-Aug-2020,1799,1786,1514,74797,,49709,1520
04-Aug-2020,1726,1646,1478,76523,,51355,1524
05-Aug-2020,1686,1479,1422,78209,,52834,1538
06-Aug-2020,1675,1744,1383,79884,,54578,1550
07-Aug-2020,1762,1210,1368,81646,,55788,1559
08-Aug-2020,755,605,1425,82401,,56393,1547
09-Aug-2020,923,2332,1444,83324,,58725,1557
10-Aug-2020,1697,1395,1475,85021,,60120,1543
11-Aug-2020,1823,985,1460,86844,,61105,1487
12-Aug-2020,1617,1135,1474,88461,,62240,1392
13-Aug-2020,1641,1306,1464,90102,,63546,1343
14-Aug-2020,1389,986,1459,91491,,64532,1281
15-Aug-2020,754,567,1406,92245,,65099,1249
16-Aug-2020,1069,2218,1406,93314,,67317,1243
17-Aug-2020,1651,1190,1427,94965,,68507,1227
18-Aug-2020,1648,1115,1420,96613,,69622,1198
19-Aug-2020,1639,1478,1395,98252,,71100,1216
20-Aug-2020,1485,1429,1398,99737,,72529,1265
21-Aug-2020,1492,1037,1376,101229,,73566,1283
22-Aug-2020,710,663,1391,101939,,74229,1290
23-Aug-2020,964,2116,1384,102903,,76345,1304
24-Aug-2020,1901,1399,1369,104804,,77744,1289
25-Aug-2020,1958,797,1405,106762,,78541,1319
26-Aug-2020,1984,3639,1449,108746,,82180,1274
27-Aug-2020,2106,1511,1499,110852,,83691,1582
28-Aug-2020,1833,1831,1587,112685,,85522,1594
29-Aug-2020,909,708,1636,113594,,86230,1708
30-Aug-2020,1100,2259,1665,114694,,88489,1714
31-Aug-2020,2171,1469,1684,116865,,89958,1734
01-Sep-2020,2254,1008,1723,119119,,90966,1744
02-Sep-2020,3194,1398,1765,122313,,92364,1775
03-Sep-2020,2664,1798,1938,124977,,94162,1454
04-Sep-2020,2623,1191,2017,127600,,95353,1495
05-Sep-2020,1504,886,2130,129104,,96239,1404
06-Sep-2020,2175,2398,2215,131279,,98637,1429
07-Sep-2020,3386,1594,2369,134665,,100231,1449
08-Sep-2020,3487,1430,2542,138152,,101661,1467
09-Sep-2020,3991,1463,2719,142143,,103124,1527
10-Sep-2020,4158,1976,2832,146301,,105100,1537
11-Sep-2020,3971,1773,3046,150272,,106873,1562
12-Sep-2020,2715,1262,3238,152987,,108135,1645
13-Sep-2020,3171,3269,3411,156158,,111404,1699
14-Sep-2020,4804,2400,3554,160962,,113804,1823
15-Sep-2020,5528,2267,3756,166490,,116071,1939
16-Sep-2020,4568,2790,4048,171058,,118861,2058
17-Sep-2020,5378,3713,4130,176436,,122574,2248
18-Sep-2020,5333,2845,4305,181769,סגר שני,125419,2496
19-Sep-2020,3809,1438,4499,185578,,126857,2649
20-Sep-2020,2576,2478,4655,188154,,129335,2674
21-Sep-2020,3869,4652,4570,192023,,133987,2561
22-Sep-2020,7018,3503,4437,199041,,137490,2883
23-Sep-2020,7142,3812,4650,206183,,141302,3059
24-Sep-2020,8259,4587,5017,214442,,145889,3205
25-Sep-2020,8387,4134,5429,222829,,150023,3330
26-Sep-2020,5881,2392,5865,228710,,152415,3514
27-Sep-2020,3436,5683,6161,232146,,158098,3651
28-Sep-2020,1154,2167,6284,233300,,160265,4109
29-Sep-2020,4989,5788,5896,238289,,166053,3754
30-Sep-2020,9050,5140,5606,247339,,171193,4080
01-Oct-2020,7721,5757,5879,255060,,176950,4270
02-Oct-2020,7054,5583,5802,262114,,182533,4437
03-Oct-2020,2595,3490,5612,264709,,186023,4644
04-Oct-2020,2936,8109,5142,267645,,194132,4801
05-Oct-2020,5710,6966,5071,273355,,201098,5147
06-Oct-2020,4718,6420,5722,278073,,207518,5833
07-Oct-2020,4154,4898,5683,282227,,212416,5923
08-Oct-2020,3752,4805,4984,285979,,217221,5889
09-Oct-2020,2954,5092,4417,288933,,222313,5753
10-Oct-2020,916,3786,3831,289849,,226099,5682
11-Oct-2020,1638,7553,3591,291487,,233652,5725
12-Oct-2020,3154,5513,3406,294641,,239165,5645
13-Oct-2020,2335,5718,3040,296976,,244883,5438
14-Oct-2020,2118,5830,2700,299094,,250713,5337
15-Oct-2020,1610,5412,2409,300704,,256125,5471
16-Oct-2020,1496,3478,2103,302200,,259603,5557
17-Oct-2020,410,2505,1895,302610,,262108,5327
18-Oct-2020,923,4901,1823,303533,פתיחת סגר שני,267009,5144
19-Oct-2020,1515,2331,1720,305048,,269340,4765
20-Oct-2020,1192,1793,1486,306240,,271133,4310
21-Oct-2020,1170,3124,1323,307410,,274257,3750
22-Oct-2020,1032,3111,1188,308442,,277368,3363
23-Oct-2020,848,2427,1105,309290,,279795,3034
24-Oct-2020,247,1304,1012,309537,,281099,2884
25-Oct-2020,604,2672,989,310141,,283771,2713
26-Oct-2020,884,1287,944,311025,,285058,2394
27-Oct-2020,885,958,853,311910,,286016,2245
28-Oct-2020,724,1291,810,312634,,287307,2126
29-Oct-2020,647,1440,746,313281,,288747,1864
30-Oct-2020,681,1059,691,313962,,289806,1625
31-Oct-2020,228,796,667,314190,,290602,1430
01-Nov-2020,657,1510,664,314847,,292112,1357
02-Nov-2020,792,911,672,315639,,293023,1191
03-Nov-2020,844,726,659,316483,,293749,1137
04-Nov-2020,769,630,653,317252,,294379,1104
05-Nov-2020,568,843,659,317820,,295222,1010
06-Nov-2020,689,887,648,318509,,296109,925
07-Nov-2020,212,681,649,318721,הקלות סגר שני – פתיחת חנויות רחוב,296790,900
08-Nov-2020,535,679,647,319256,,297469,884
09-Nov-2020,723,920,629,319979,,298389,765
10-Nov-2020,674,336,620,320653,,298725,766
11-Nov-2020,768,1080,595,321421,,299805,710
12-Nov-2020,837,1205,595,322258,,301010,775
13-Nov-2020,761,733,634,323019,,301743,826
14-Nov-2020,292,419,644,323311,,302162,804
15-Nov-2020,627,965,655,323938,,303127,767
16-Nov-2020,874,656,668,324812,,303783,808
17-Nov-2020,830,577,690,325642,,304360,770
18-Nov-2020,797,792,712,326439,,305152,805
19-Nov-2020,771,752,716,327210,,305904,763
20-Nov-2020,772,668,707,327982,,306572,699
21-Nov-2020,423,448,709,328405,,307020,689
22-Nov-2020,763,998,727,329168,,308018,694
23-Nov-2020,961,652,747,330129,,308670,698
24-Nov-2020,859,543,759,330988,,309213,698
25-Nov-2020,1082,843,763,332070,,310056,693
26-Nov-2020,1086,924,804,333156,,310980,700
27-Nov-2020,1033,684,849,334189,הקלות סגר שני – פיילוט קניונים,311664,725
28-Nov-2020,583,414,886,334772,,312078,727
29-Nov-2020,1025,1105,909,335797,,313183,722
30-Nov-2020,1257,732,947,337054,,313915,737
01-Dec-2020,1200,697,989,338254,,314612,749
02-Dec-2020,1589,840,1038,339843,,315452,771
03-Dec-2020,1450,1423,1110,341293,,316875,770
04-Dec-2020,1515,860,1162,342808,,317735,842
05-Dec-2020,1000,590,1231,343808,,318325,867
06-Dec-2020,1359,1394,1290,345167,,319719,892
07-Dec-2020,1864,907,1338,347031,,320626,933
08-Dec-2020,1771,892,1425,348802,,321518,958
09-Dec-2020,1868,1022,1506,350670,,322540,986
10-Dec-2020,2010,1432,1546,352680,,323972,1012
11-Dec-2020,1835,1144,1626,354515,,325116,1013
12-Dec-2020,1297,916,1672,355812,,326032,1054
13-Dec-2020,1727,1901,1714,357539,,327933,1101
14-Dec-2020,2322,1264,1767,359861,,329197,1173
15-Dec-2020,2894,1201,1832,362755,,330398,1224
16-Dec-2020,2861,1620,1993,365616,,332018,1268
17-Dec-2020,2848,1949,2135,368464,,333967,1354
18-Dec-2020,2793,1551,2254,371257,,335518,1427
19-Dec-2020,1889,1080,2391,373146,,336598,1486
20-Dec-2020,3096,2560,2476,376242,תחילת חיסונים מנה 1,339158,1509
21-Dec-2020,3861,1555,2671,380103,,340713,1603
22-Dec-2020,4380,1624,2891,384483,,342337,1645
23-Dec-2020,4044,2022,3104,388527,,344359,1705
24-Dec-2020,4048,2861,3273,392575,,347220,1763
25-Dec-2020,4005,2394,3444,396580,,349614,1893
26-Dec-2020,2660,1801,3617,399240,,351415,2013
27-Dec-2020,3533,4195,3727,402773,סגר שלישי,355610,2116
28-Dec-2020,5525,2471,3790,408298,,358081,2350
29-Dec-2020,5633,2380,4027,413931,,360461,2481
30-Dec-2020,5871,3723,4206,419802,,364184,2589
31-Dec-2020,5869,4253,4467,425671,,368437,2832
01-Jan-2021,6014,3446,4728,431685,,371883,3031
02-Jan-2021,4212,2035,5015,435897,,373918,3181
03-Jan-2021,5234,5560,5236,441131,,379478,3214
04-Jan-2021,8425,3080,5479,449556,,382558,3409
05-Jan-2021,8233,2956,5894,457789,,385514,3496
06-Jan-2021,7884,4773,6265,465673,,390287,3579
07-Jan-2021,7664,5847,6553,473337,,396134,3729
08-Jan-2021,8162,4832,6809,481499,הידוק סגר שלישי,400966,3956
09-Jan-2021,5165,3075,7116,486664,,404041,4154
10-Jan-2021,6956,8338,7252,493620,תחילת חיסונים מנה 2,412379,4303
11-Jan-2021,9732,4838,7498,503352,,417217,4700
12-Jan-2021,9299,4567,7685,512651,,421784,4951
13-Jan-2021,9474,8009,7837,522125,,429793,5181
14-Jan-2021,9302,9183,8064,531427,,438976,5643
15-Jan-2021,8433,7991,8298,539860,,446967,6120
16-Jan-2021,5088,4271,8337,544948,,451238,6571
17-Jan-2021,5661,10896,8326,550609,,462134,6742
18-Jan-2021,10122,6164,8141,560731,,468298,7107
19-Jan-2021,8634,5501,8197,569365,,473799,7297
20-Jan-2021,8364,8767,8102,577729,,482566,7430
21-Jan-2021,7273,9969,7943,585002,,492535,7539
22-Jan-2021,7387,8459,7653,592389,,500994,7651
23-Jan-2021,2447,4172,7504,594836,,505166,7718
24-Jan-2021,4940,10542,7126,599776,,515708,7704
25-Jan-2021,8722,5618,7023,608498,,521326,7653
26-Jan-2021,7818,5091,6823,616316,,526417,7575
27-Jan-2021,7749,8668,6707,624065,,535085,7516
28-Jan-2021,7198,9206,6619,631263,,544291,7502
29-Jan-2021,6776,7542,6608,638039,,551833,7393
30-Jan-2021,2628,3541,6521,640667,,555374,7262
31-Jan-2021,5240,10096,6547,645907,,565470,7172
01-Feb-2021,8930,5118,6590,654837,,570588,7108
02-Feb-2021,8026,4402,6619,662863,,574990,7037
03-Feb-2021,7462,8187,6649,670325,,583177,6939
04-Feb-2021,7266,8135,6608,677591,,591312,6870
05-Feb-2021,6601,7245,6618,684192,,598557,6717
06-Feb-2021,2660,3051,6593,686852,,601608,6674
07-Feb-2021,4605,9712,6597,691457,פתיחת סגר שלשי ,611320,6604
08-Feb-2021,7857,4990,6507,699314,,616310,6550
09-Feb-2021,6167,4919,6353,705481,,621229,6531
10-Feb-2021,5678,8241,6088,711159,,629470,6605
11-Feb-2021,5032,8736,5833,716191,,638206,6613
12-Feb-2021,4674,7209,5514,720865,,645415,6699
13-Feb-2021,1890,3391,5239,722755,,648806,6694
14-Feb-2021,3489,9608,5129,726244,,658414,6742
15-Feb-2021,5199,4870,4969,731443,,663284,6727
16-Feb-2021,4581,3737,4589,736024,,667021,6710
17-Feb-2021,4169,6502,4363,740193,,673523,6541
18-Feb-2021,3337,7470,4147,743530,,680993,6293
19-Feb-2021,3794,5898,3905,747324,,686891,6112
20-Feb-2021,1255,3379,3779,748579,,690270,5925
21-Feb-2021,3112,7385,3689,751691,פתיחה חלקית של המשק לאחר סגר שלישי,697655,5923
22-Feb-2021,4811,3651,3635,756502,,701306,5605
23-Feb-2021,4443,3169,3579,760945,,704475,5431
24-Feb-2021,4373,5357,3560,765318,,709832,5350
25-Feb-2021,3820,4993,3589,769138,,714825,5187
26-Feb-2021,3820,3740,3658,772958,,718565,4833
27-Feb-2021,1443,1561,3662,774401,,720126,4524
28-Feb-2021,3058,5649,3688,777459,,725775,4265
01-Mar-2021,4866,2731,3681,782325,,728506,4017
02-Mar-2021,4386,2918,3689,786711,,731424,3885
03-Mar-2021,4670,4586,3680,791381,,736010,3849
04-Mar-2021,3658,4773,3723,795039,,740783,3739
05-Mar-2021,3709,3971,3700,798748,,744754,3708
06-Mar-2021,1876,1914,3684,800624,,746668,3741
07-Mar-2021,2361,5692,3746,802985,פתיחת משק מלאה לאחר סגר שלישי,752360,3791
08-Mar-2021,3795,2670,3646,806780,,755030,3797
09-Mar-2021,3128,2921,3493,809908,,757951,3789
10-Mar-2021,2842,4573,3313,812750,,762524,3789
11-Mar-2021,2553,4974,3052,815303,,767498,3787
12-Mar-2021,2413,3889,2894,817716,,771387,3816
13-Mar-2021,787,2020,2709,818503,,773407,3804
14-Mar-2021,1401,5795,2554,819904,,779202,3819
15-Mar-2021,2129,2646,2417,822033,,781848,3834
16-Mar-2021,1566,2238,2179,823599,,784086,3831
17-Mar-2021,1539,3618,1955,825138,,787704,3733
18-Mar-2021,1251,3588,1769,826389,,791292,3597
19-Mar-2021,1085,2542,1583,827474,,793834,3399
20-Mar-2021,351,1456,1394,827825,,795290,3206
21-Mar-2021,681,3485,1331,828506,,798775,3126
22-Mar-2021,979,1687,1228,829485,,800462,2796
23-Mar-2021,694,736,1064,830179,,801198,2659
24-Mar-2021,477,2248,940,830656,,803446,2444
25-Mar-2021,863,2094,788,831519,,805540,2248
26-Mar-2021,529,1494,732,832048,,807034,2035
27-Mar-2021,235,857,653,832283,,807891,1885
28-Mar-2021,130,878,636,832413,,808769,1800
29-Mar-2021,370,1468,558,832783,,810237,1427
30-Mar-2021,446,819,471,833229,,811056,1396
31-Mar-2021,497,1079,435,833726,,812135,1408
01-Apr-2021,335,1063,438,834061,,813198,1241
02-Apr-2021,419,636,363,834480,,813834,1094
03-Apr-2021,124,463,347,834604,,814297,971
04-Apr-2021,197,1058,331,834801,,815355,915
05-Apr-2021,383,509,341,835184,,815864,940
06-Apr-2021,307,492,343,835491,,816356,803
07-Apr-2021,275,426,323,835766,,816782,757
08-Apr-2021,212,638,291,835978,,817420,663
09-Apr-2021,226,577,273,836204,,817997,603
10-Apr-2021,86,387,246,836290,,818384,594
11-Apr-2021,141,778,240,836431,,819162,583
12-Apr-2021,224,359,232,836655,,819521,543
13-Apr-2021,198,379,210,836853,,819900,522
14-Apr-2021,195,484,194,837048,,820384,506
15-Apr-2021,95,261,183,837143,,820645,514
16-Apr-2021,111,366,166,837254,,821011,460
17-Apr-2021,83,210,150,837337,,821221,430
18-Apr-2021,166,547,149,837503,פתיחת לימודים ללא קפסולות,821768,405
19-Apr-2021,140,203,153,837643,,821971,372
20-Apr-2021,166,226,141,837809,,822197,350
21-Apr-2021,115,234,136,837924,,822431,328
22-Apr-2021,135,334,125,838059,,822765,292
23-Apr-2021,111,265,130,838170,,823030,302
24-Apr-2021,39,114,130,838209,,823144,288
25-Apr-2021,79,192,124,838288,,823336,274
26-Apr-2021,98,146,112,838386,,823482,224
27-Apr-2021,92,150,106,838478,,823632,215
28-Apr-2021,104,178,95,838582,,823810,205
29-Apr-2021,97,171,94,838679,,823981,197
30-Apr-2021,79,131,88,838758,,824112,173
01-May-2021,15,71,84,838773,,824183,154
02-May-2021,53,217,80,838826,,824400,148
03-May-2021,75,152,76,838901,,824552,152
04-May-2021,64,108,73,838965,,824660,152
05-May-2021,71,139,69,839036,,824799,146
06-May-2021,52,144,64,839088,,824943,141
07-May-2021,34,88,58,839122,,825031,137
08-May-2021,16,64,52,839138,,825095,131
09-May-2021,33,145,52,839171,,825240,130
10-May-2021,54,57,49,839225,,825297,120
11-May-2021,38,86,46,839263,,825383,106
12-May-2021,28,94,42,839291,,825477,103
13-May-2021,33,75,36,839324,,825552,96
14-May-2021,27,64,33,839351,,825616,87
15-May-2021,20,45,32,839371,,825661,83
16-May-2021,31,100,33,839402,,825761,80
17-May-2021,15,18,33,839417,,825779,74
18-May-2021,23,92,27,839440,,825871,68
19-May-2021,56,92,25,839496,,825963,69
20-May-2021,35,75,29,839531,,826038,69
21-May-2021,22,34,29,839553,,826072,69
22-May-2021,12,25,28,839565,,826097,65
23-May-2021,26,86,27,839591,,826183,62
24-May-2021,30,30,27,839621,,826213,60
25-May-2021,22,42,29,839643,,826255,62
26-May-2021,16,36,29,839659,,826291,54
27-May-2021,14,38,23,839673,,826329,46
28-May-2021,18,40,20,839691,,826369,41
29-May-2021,13,17,19,839704,,826386,42
30-May-2021,3,70,19,839707,,826456,41
31-May-2021,14,28,16,839721,,826484,39
01-Jun-2021,35,36,14,839756,,826520,38
02-Jun-2021,13,48,16,839769,,826568,37
03-Jun-2021,10,137,15,839779,,826705,39
04-Jun-2021,31,12,15,839810,,826717,53
05-Jun-2021,6,6,17,839816,,826723,49
06-Jun-2021,4,54,16,839820,,826777,48
07-Jun-2021,7,52,16,839827,,826829,45
08-Jun-2021,30,15,15,839857,,826844,49
09-Jun-2021,7,21,14,839864,,826865,46
10-Jun-2021,18,32,13,839882,,826897,42
11-Jun-2021,18,19,14,839900,,826916,27
12-Jun-2021,5,14,12,839905,,826930,28
13-Jun-2021,3,28,12,839908,,826958,29
14-Jun-2021,26,21,12,839934,,826979,25
15-Jun-2021,26,15,15,839960,,826994,21
16-Jun-2021,14,10,14,839974,,827004,21
17-Jun-2021,28,44,15,840002,,827048,19
18-Jun-2021,35,12,17,840037,,827060,21
19-Jun-2021,47,9,19,840084,,827069,20
20-Jun-2021,51,86,25,840135,,827155,19
21-Jun-2021,125,38,32,840260,,827193,28
22-Jun-2021,111,10,46,840371,,827203,30
23-Jun-2021,148,25,58,840519,,827228,29
24-Jun-2021,240,41,77,840759,,827269,32
25-Jun-2021,232,16,108,840991,,827285,31
26-Jun-2021,117,15,136,841108,,827300,32
27-Jun-2021,145,72,146,841253,,827372,33
28-Jun-2021,289,57,159,841542,,827429,31
29-Jun-2021,299,75,183,841841,הפעלת התו הירוק במתחמים מעל 100 איש בגל הרביעי,827504,33
30-Jun-2021,319,93,210,842160,,827597,43
01-Jul-2021,299,164,234,842459,,827761,52
02-Jul-2021,347,136,242,842806,,827897,70
03-Jul-2021,188,96,259,842994,,827993,87
04-Jul-2021,350,286,269,843344,,828279,99
05-Jul-2021,504,195,298,843848,,828474,129
06-Jul-2021,533,177,329,844381,,828651,149
07-Jul-2021,526,245,362,844907,,828896,163
08-Jul-2021,471,326,392,845378,,829222,185
09-Jul-2021,538,248,417,845916,,829470,208
10-Jul-2021,261,133,444,846177,,829603,224
11-Jul-2021,443,427,454,846620,,830030,230
12-Jul-2021,765,281,468,847385,,830311,250
13-Jul-2021,748,328,505,848133,,830639,262
14-Jul-2021,773,450,536,848906,,831089,284
15-Jul-2021,869,563,571,849775,,831652,313
16-Jul-2021,1139,473,628,850914,,832125,347
17-Jul-2021,439,202,714,851353,,832327,379
18-Jul-2021,838,644,739,852191,,832971,389
19-Jul-2021,1389,447,795,853580,,833418,420
20-Jul-2021,1413,382,885,854993,,833800,443
21-Jul-2021,1353,642,980,856346,,834442,451
22-Jul-2021,1288,781,1062,857634,,835223,479
23-Jul-2021,1442,697,1122,859076,,835920,510
24-Jul-2021,973,408,1166,860049,,836328,542
25-Jul-2021,1422,1305,1242,861471,,837633,571
26-Jul-2021,2135,835,1325,863606,,838468,666
27-Jul-2021,2296,898,1432,865902,,839366,721
28-Jul-2021,2192,1149,1558,868094,,840515,795
29-Jul-2021,2179,1360,1678,870273,,841875,867
30-Jul-2021,2450,1231,1805,872723,,843106,950
31-Jul-2021,2103,583,1949,874826,,843689,1026
01-Aug-2021,2126,1911,2111,876952,תחילת חיסונים מנה 3,845600,1051
02-Aug-2021,3862,1116,2211,880814,,846716,1138
03-Aug-2021,3312,1254,2458,884126,,847970,1178
04-Aug-2021,3510,1845,2603,887636,,849815,1229
05-Aug-2021,3886,2262,2791,891522,,852077,1328
06-Aug-2021,3890,1907,3035,895412,,853984,1457
07-Aug-2021,2936,1011,3241,898348,,854995,1554
08-Aug-2021,3447,3267,3360,901795,,858262,1615
09-Aug-2021,6381,2004,3549,908176,,860266,1808
10-Aug-2021,5860,2355,3908,914036,,862621,1935
11-Aug-2021,6027,3261,4272,920063,,865882,2093
12-Aug-2021,6154,3634,4632,926217,,869516,2295
13-Aug-2021,5975,3249,4956,932192,,872765,2491
14-Aug-2021,4233,1578,5254,936425,,874343,2683
15-Aug-2021,5199,5075,5439,941624,,879418,2764
16-Aug-2021,8799,3415,5689,950423,,882833,3022
17-Aug-2021,7994,3325,6035,958417,,886158,3223
18-Aug-2021,8037,5281,6340,966454,,891439,3362
19-Aug-2021,7842,5859,6627,974296,,897298,3651
20-Aug-2021,7907,5472,6868,982203,,902770,3968
21-Aug-2021,5417,2723,7144,987620,,905493,4286
22-Aug-2021,6593,8193,7313,994213,,913686,4450
23-Aug-2021,10114,4996,7512,1004327,,918682,4895
24-Aug-2021,10085,4891,7700,1014412,,923573,5121
25-Aug-2021,9244,7715,7999,1023656,,931288,5345
26-Aug-2021,9124,8585,8171,1032780,,939873,5692
27-Aug-2021,8700,7904,8354,1041480,,947777,6082
28-Aug-2021,7280,3935,8468,1048760,,951712,6429
29-Aug-2021,6792,10677,8734,1055552,,962389,6602
30-Aug-2021,11158,6882,8762,1066710,,969271,6957
31-Aug-2021,10447,6356,8911,1077157,,975627,7227
01-Sep-2021,11303,9307,8963,1088460,,984934,7436
02-Sep-2021,11345,10532,9257,1099805,,995466,7663
03-Sep-2021,9913,9303,9575,1109718,,1004769,7941
04-Sep-2021,5068,5168,9748,1114786,,1009937,8141
05-Sep-2021,5868,12383,9432,1120654,,1022320,8317
06-Sep-2021,10870,9152,9300,1131524,,1031472,8561
07-Sep-2021,6866,4913,9259,1138390,,1036385,8885
08-Sep-2021,3320,5851,8747,1141710,,1042236,8679
09-Sep-2021,7960,13162,7607,1149670,,1055398,8186
10-Sep-2021,9901,11422,7123,1159571,,1066820,8561
11-Sep-2021,10292,5785,7121,1169863,,1072605,8864
12-Sep-2021,7808,12731,7868,1177671,,1085336,8952
13-Sep-2021,10954,7681,8145,1188625,,1093017,9002
14-Sep-2021,9859,6830,8157,1198484,,1099847,8792
15-Sep-2021,8863,10022,8584,1207347,,1109869,9066
16-Sep-2021,3285,3815,9376,1210632,,1113684,9661
17-Sep-2021,5024,6878,8708,1215656,,1120562,8326
18-Sep-2021,8617,3748,8012,1224273,,1124310,7677
19-Sep-2021,6553,15916,7772,1230826,,1140226,7386
20-Sep-2021,8828,10727,7593,1239654,,1150953,7841
21-Sep-2021,4830,4129,7289,1244484,,1155082,8276
22-Sep-2021,6026,11583,6571,1250510,,1166665,7890
23-Sep-2021,6453,9736,6166,1256963,,1176401,8113
24-Sep-2021,4990,7791,6618,1261953,,1184192,8959
25-Sep-2021,2653,3162,6613,1264606,,1187354,9090
26-Sep-2021,3874,5358,5761,1268480,,1192712,9006
27-Sep-2021,5246,8949,5379,1273726,,1201661,7498
28-Sep-2021,2442,5202,4867,1276168,,1206863,7244
29-Sep-2021,3634,9559,4526,1279802,,1216422,7397
30-Sep-2021,4398,6797,4184,1284200,,1223219,7108
01-Oct-2021,3622,4965,3891,1287822,,1228184,6688
02-Oct-2021,1739,3654,3695,1289561,,1231838,6284
03-Oct-2021,2700,7684,3565,1292261,הנחיות חדשות בתו הירוק ,1239522,6354
04-Oct-2021,3277,4484,3397,1295538,,1244006,6687
05-Oct-2021,2556,4085,3116,1298094,,1248091,6049
06-Oct-2021,2428,4661,3132,1300522,,1252752,5889
07-Oct-2021,2120,3950,2960,1302642,,1256702,5190
08-Oct-2021,2023,3138,2634,1304665,,1259840,4783
09-Oct-2021,1040,3009,2406,1305705,,1262849,4522
10-Oct-2021,1492,5201,2306,1307197,,1268050,4430
11-Oct-2021,2345,2693,2133,1309542,,1270743,4075
12-Oct-2021,1816,2947,2000,1311358,,1273690,3819
13-Oct-2021,1772,3231,1894,1313130,,1276921,3657
14-Oct-2021,1345,3149,1801,1314475,,1280070,3452
15-Oct-2021,1575,2201,1690,1316050,,1282271,3338
16-Oct-2021,740,1205,1626,1316790,,1283476,3204
17-Oct-2021,1222,3022,1583,1318012,,1286498,2946
18-Oct-2021,1507,1838,1545,1319519,,1288336,2635
19-Oct-2021,1150,1752,1425,1320669,,1290088,2513
20-Oct-2021,1036,2308,1330,1321705,,1292396,2342
21-Oct-2021,993,2334,1225,1322698,,1294730,2210
22-Oct-2021,982,1744,1174,1323680,,1296474,2094
23-Oct-2021,332,958,1090,1324012,,1297432,2029
24-Oct-2021,842,2255,1031,1324854,,1299687,1993
25-Oct-2021,929,1357,977,1325783,,1301044,1884
26-Oct-2021,729,1371,894,1326512,,1302415,1815
27-Oct-2021,647,1518,834,1327159,,1303933,1761
28-Oct-2021,661,1371,779,1327820,,1305304,1648
29-Oct-2021,617,1178,731,1328437,,1306482,1510
30-Oct-2021,226,642,679,1328663,,1307124,1429
31-Oct-2021,529,1397,664,1329192,,1308521,1384
01-Nov-2021,691,820,619,1329883,היתר כניסת תיירים לישראל על פי מתווה,1309341,1262
02-Nov-2021,667,880,585,1330550,,1310221,1185
03-Nov-2021,616,977,576,1331166,,1311198,1115
04-Nov-2021,518,1003,572,1331684,,1312201,1037
05-Nov-2021,558,673,552,1332242,,1312874,985
06-Nov-2021,199,438,543,1332441,,1313312,913
07-Nov-2021,501,898,539,1332942,,1314210,884
08-Nov-2021,566,514,535,1333508,,1314724,812
09-Nov-2021,473,529,517,1333981,,1315253,769
10-Nov-2021,498,738,490,1334479,,1315991,718
11-Nov-2021,393,708,473,1334872,,1316699,684
12-Nov-2021,448,623,455,1335320,,1317322,642
13-Nov-2021,225,369,439,1335545,,1317691,635
14-Nov-2021,397,701,443,1335942,,1318392,625
15-Nov-2021,535,462,428,1336477,,1318854,597
16-Nov-2021,558,521,424,1337035,,1319375,590
17-Nov-2021,483,560,436,1337518,,1319935,588
18-Nov-2021,469,622,434,1337987,,1320557,563
19-Nov-2021,508,389,445,1338495,,1320946,551
20-Nov-2021,237,302,453,1338732,,1321248,517
21-Nov-2021,453,689,455,1339185,,1321937,508
22-Nov-2021,716,320,463,1339901,תחילת מבצע חיסונים לילדים בני 5-11,1322257,506
23-Nov-2021,604,347,489,1340505,,1322604,486
24-Nov-2021,543,520,495,1341048,,1323124,461
25-Nov-2021,539,575,504,1341587,,1323699,455
26-Nov-2021,540,406,514,1342127,,1324105,448
27-Nov-2021,169,317,518,1342296,,1324422,451
28-Nov-2021,543,787,509,1342839,,1325209,453
29-Nov-2021,698,463,522,1343537,,1325672,467
30-Nov-2021,577,555,519,1344114,,1326227,487
01-Dec-2021,563,650,515,1344677,,1326877,517
02-Dec-2021,519,659,518,1345196,,1327536,536
03-Dec-2021,486,531,515,1345682,,1328067,548
04-Dec-2021,248,322,507,1345930,,1328389,566
05-Dec-2021,539,737,519,1346469,,1329126,566
06-Dec-2021,739,459,518,1347208,,1329585,559
07-Dec-2021,813,515,524,1348021,,1330100,559
08-Dec-2021,714,642,558,1348735,,1330742,553
09-Dec-2021,647,692,579,1349382,,1331434,552
10-Dec-2021,607,563,598,1349989,,1331997,556
11-Dec-2021,236,549,615,1350225,,1332546,561
12-Dec-2021,492,716,613,1350717,,1333262,593
13-Dec-2021,771,427,606,1351488,,1333689,590
14-Dec-2021,701,467,611,1352189,,1334156,586
15-Dec-2021,789,673,595,1352978,,1334829,579
16-Dec-2021,863,846,606,1353841,,1335675,583
17-Dec-2021,877,701,637,1354718,,1336376,605
18-Dec-2021,392,427,675,1355110,,1336803,625
19-Dec-2021,1022,753,697,1356132,,1337556,608
20-Dec-2021,1329,510,773,1357461,,1338066,613
21-Dec-2021,1200,448,853,1358661,,1338514,625
22-Dec-2021,1417,643,924,1360078,,1339157,622
23-Dec-2021,1515,678,1014,1361593,,1339835,618
24-Dec-2021,1790,671,1107,1363383,,1340506,594
25-Dec-2021,806,464,1237,1364189,,1340970,590
26-Dec-2021,1806,911,1297,1365995,,1341881,595
27-Dec-2021,2974,778,1409,1368969,,1342659,617
28-Dec-2021,3245,1226,1644,1372214,,1343885,656
29-Dec-2021,4074,1228,1936,1376288,,1345113,767
30-Dec-2021,5081,1348,2315,1381369,,1346461,850
31-Dec-2021,5494,1170,2825,1386863,,1347631,946
01-Jan-2022,4231,1060,3354,1391094,,1348691,1017
02-Jan-2022,6615,1900,3843,1397709,תחילת חיסונים מנה 4 לבני 60 ומעלה ולצוותים רפואיים,1350591,1103
03-Jan-2022,10952,1469,4530,1408661,,1352060,1244
04-Jan-2022,12644,1865,5670,1421305,,1353925,1343
05-Jan-2022,18497,2735,7013,1439802,שינוי מדיניות בדיקות ובידודים - אנטיגן קובע מאומתים,1356660,1434
06-Jan-2022,18953,3584,9073,1458755,,1360244,1649
07-Jan-2022,21985,3733,11055,1480740,,1363977,1969
08-Jan-2022,22768,3169,13411,1503508,,1367146,2335
09-Jan-2022,31110,6249,16059,1534618,,1373395,2636
10-Jan-2022,41407,5066,19558,1576025,,1378461,3257
11-Jan-2022,46327,6998,23909,1622352,,1385459,3771
12-Jan-2022,48341,11834,28721,1670693,,1397293,4504
13-Jan-2022,49113,58511,32984,1719806,,1455804,5804
14-Jan-2022,45309,20022,37293,1765115,,1475826,13651
15-Jan-2022,44589,15792,40625,1809704,,1491618,15978
16-Jan-2022,64232,40126,43742,1873936,,1531744,17781
17-Jan-2022,69565,32320,48474,1943501,,1564064,22621
18-Jan-2022,71101,48476,52496,2014602,,1612540,26514
19-Jan-2022,74294,75550,56035,2088896,,1688090,32440
20-Jan-2022,69550,13476,59743,2158446,,1701566,41542
21-Jan-2022,54135,47575,62662,2212581,,1749141,35108
22-Jan-2022,15,12543,63923,2212596,,1761684,39045
