date,amount,recovered,avg,sum,coronaEvents,recovered_cum,recoveredAvg
12-Feb-2020,0,0,,7,,101,
13-Feb-2020,0,0,0,7,,101,0
14-Feb-2020,0,0,0,7,,101,0
15-Feb-2020,0,0,0,7,,101,0
16-Feb-2020,0,0,0,7,,101,0
17-Feb-2020,0,0,0,7,,101,0
18-Feb-2020,0,0,0,7,,101,0
19-Feb-2020,0,0,0,7,,101,0
20-Feb-2020,0,1,0,7,,102,0
21-Feb-2020,1,0,0,8,,102,0
22-Feb-2020,0,0,0,8,,102,0
23-Feb-2020,0,0,0,8,,102,0
24-Feb-2020,1,0,0,9,,102,0
25-Feb-2020,0,0,0,9,,102,0
26-Feb-2020,0,0,0,9,,102,0
27-Feb-2020,1,0,0,10,,102,0
28-Feb-2020,3,0,0,13,,102,0
29-Feb-2020,0,0,0,13,,102,0
01-Mar-2020,1,0,0,14,,102,0
02-Mar-2020,5,0,0,19,,102,0
03-Mar-2020,3,0,1,22,,102,0
04-Mar-2020,0,0,1,22,,102,0
05-Mar-2020,9,0,1,31,,102,0
06-Mar-2020,4,0,3,35,,102,0
07-Mar-2020,4,0,3,39,,102,0
08-Mar-2020,9,0,3,48,,102,0
09-Mar-2020,4,0,4,52,,102,0
10-Mar-2020,33,0,4,85,,102,0
11-Mar-2020,19,0,9,104,,102,0
12-Mar-2020,22,0,11,126,,102,0
13-Mar-2020,35,1,13,161,,103,0
14-Mar-2020,29,0,18,190,סגר ראשון ,103,0
15-Mar-2020,40,0,21,230,,103,0
16-Mar-2020,73,0,26,303,,103,0
17-Mar-2020,94,2,35,397,,105,0
18-Mar-2020,125,2,44,522,,107,0
19-Mar-2020,136,4,59,658,,111,0
20-Mar-2020,168,1,76,826,,112,1
21-Mar-2020,209,0,95,1035,,112,1
22-Mar-2020,252,5,120,1287,,117,1
23-Mar-2020,350,5,151,1637,,122,2
24-Mar-2020,420,5,190,2057,,127,2
25-Mar-2020,423,6,237,2480,,133,3
26-Mar-2020,519,9,279,2999,,142,3
27-Mar-2020,432,18,334,3431,,160,4
28-Mar-2020,476,9,372,3907,,169,6
29-Mar-2020,528,14,410,4435,,183,8
30-Mar-2020,551,33,449,4986,,216,9
31-Mar-2020,737,43,478,5723,,259,13
01-Apr-2020,694,32,523,6417,,291,18
02-Apr-2020,724,79,562,7141,,370,22
03-Apr-2020,600,54,591,7741,,424,32
04-Apr-2020,428,52,615,8169,,476,37
05-Apr-2020,584,100,608,8753,,576,43
06-Apr-2020,449,118,616,9202,,694,56
07-Apr-2020,376,120,602,9578,,814,68
08-Apr-2020,340,105,550,9918,,919,79
09-Apr-2020,340,110,500,10258,,1029,89
10-Apr-2020,355,123,445,10613,,1152,94
11-Apr-2020,342,120,410,10955,,1272,104
12-Apr-2020,551,258,398,11506,,1530,113
13-Apr-2020,437,278,393,11943,,1808,136
14-Apr-2020,394,286,391,12337,,2094,159
15-Apr-2020,305,276,394,12642,,2370,182
16-Apr-2020,296,328,389,12938,,2698,207
17-Apr-2020,297,356,382,13235,,3054,238
18-Apr-2020,288,249,374,13523,,3303,271
19-Apr-2020,274,380,366,13797,פתיחת משק חלקית לאחר סגר ראשון,3683,290
20-Apr-2020,297,448,327,14094,,4131,307
21-Apr-2020,279,371,307,14373,,4502,331
22-Apr-2020,226,391,290,14599,,4893,344
23-Apr-2020,275,328,279,14874,,5221,360
24-Apr-2020,249,337,276,15123,,5558,360
25-Apr-2020,159,375,269,15282,,5933,357
26-Apr-2020,82,431,251,15364,,6364,375
27-Apr-2020,127,467,223,15491,,6831,383
28-Apr-2020,161,564,199,15652,,7395,385
29-Apr-2020,82,350,182,15734,,7745,413
30-Apr-2020,143,426,162,15877,,8171,407
01-May-2020,116,423,143,15993,,8594,421
02-May-2020,57,277,124,16050,,8871,433
03-May-2020,27,286,109,16077,,9157,419
04-May-2020,55,257,101,16132,,9414,399
05-May-2020,33,318,91,16165,,9732,369
06-May-2020,65,261,73,16230,,9993,333
07-May-2020,61,225,70,16291,,10218,321
08-May-2020,33,222,59,16324,,10440,292
09-May-2020,20,91,47,16344,,10531,263
10-May-2020,29,168,42,16373,,10699,237
11-May-2020,39,327,42,16412,,11026,220
12-May-2020,23,258,40,16435,,11284,230
13-May-2020,39,177,38,16474,,11461,221
14-May-2020,22,240,34,16496,,11701,209
15-May-2020,12,160,29,16508,,11861,211
16-May-2020,5,101,26,16513,,11962,203
17-May-2020,15,150,24,16528,,12112,204
18-May-2020,27,273,22,16555,,12385,201
19-May-2020,22,152,20,16577,,12537,194
20-May-2020,15,109,20,16592,,12646,179
21-May-2020,18,122,16,16610,,12768,169
22-May-2020,19,162,16,16629,,12930,152
23-May-2020,5,43,17,16634,,12973,152
24-May-2020,13,115,17,16647,,13088,144
25-May-2020,22,132,17,16669,,13220,139
26-May-2020,50,91,16,16719,,13311,119
27-May-2020,40,60,20,16759,פתיחת משק מלאה לאחר סגר ראשון,13371,110
28-May-2020,77,113,23,16836,,13484,103
29-May-2020,113,39,32,16949,,13523,102
30-May-2020,29,41,45,16978,,13564,84
31-May-2020,87,61,49,17065,,13625,84
01-Jun-2020,100,67,59,17165,,13692,76
02-Jun-2020,121,53,70,17286,,13745,67
03-Jun-2020,96,27,81,17382,,13772,62
04-Jun-2020,142,42,89,17524,,13814,57
05-Jun-2020,127,37,98,17651,,13851,47
06-Jun-2020,78,24,100,17729,,13875,46
07-Jun-2020,140,42,107,17869,,13917,44
08-Jun-2020,179,39,114,18048,,13956,41
09-Jun-2020,174,46,126,18222,,14002,37
10-Jun-2020,241,52,133,18463,,14054,36
11-Jun-2020,192,55,154,18655,,14109,40
12-Jun-2020,184,53,161,18839,,14162,42
13-Jun-2020,149,41,169,18988,,14203,44
14-Jun-2020,137,50,179,19125,,14253,46
15-Jun-2020,200,88,179,19325,,14341,48
16-Jun-2020,298,51,182,19623,,14392,55
17-Jun-2020,269,48,200,19892,,14440,55
18-Jun-2020,303,50,204,20195,,14490,55
19-Jun-2020,311,57,220,20506,,14547,54
20-Jun-2020,161,37,238,20667,,14584,55
21-Jun-2020,174,49,239,20841,,14633,54
22-Jun-2020,344,60,245,21185,,14693,54
23-Jun-2020,452,84,265,21637,,14777,50
24-Jun-2020,486,72,287,22123,,14849,55
25-Jun-2020,516,76,318,22639,,14925,58
26-Jun-2020,464,130,349,23103,,15055,62
27-Jun-2020,397,50,371,23500,,15105,72
28-Jun-2020,383,139,404,23883,,15244,74
29-Jun-2020,759,166,434,24642,,15410,87
30-Jun-2020,789,127,493,25431,,15537,102
01-Jul-2020,968,99,542,26399,,15636,108
02-Jul-2020,1154,124,610,27553,,15760,112
03-Jul-2020,941,119,702,28494,,15879,119
04-Jul-2020,821,76,770,29315,,15955,117
05-Jul-2020,825,143,830,30140,,16098,121
06-Jul-2020,1128,194,893,31268,,16292,122
07-Jul-2020,1384,173,946,32652,,16465,126
08-Jul-2020,1329,226,1031,33981,,16691,132
09-Jul-2020,1521,225,1083,35502,,16916,150
10-Jul-2020,1407,212,1135,36909,,17128,165
11-Jul-2020,1168,191,1202,38077,,17319,178
12-Jul-2020,1236,336,1251,39313,,17655,194
13-Jul-2020,1717,362,1310,41030,,18017,222
14-Jul-2020,1601,314,1394,42631,,18331,246
15-Jul-2020,1873,361,1425,44504,,18692,266
16-Jul-2020,1936,508,1503,46440,,19200,285
17-Jul-2020,1601,481,1562,48041,,19681,326
18-Jul-2020,1445,447,1590,49486,,20128,364
19-Jul-2020,1016,517,1629,50502,,20645,401
20-Jul-2020,1887,626,1598,52389,,21271,427
21-Jul-2020,2004,641,1622,54393,,21912,464
22-Jul-2020,2041,3711,1680,56434,,25623,511
23-Jul-2020,1988,6711,1704,58422,,32334,990
24-Jul-2020,1824,1589,1711,60246,,33923,1876
25-Jul-2020,1110,587,1743,61356,,34510,2034
26-Jul-2020,1040,2729,1695,62396,,37239,2054
27-Jul-2020,2048,1756,1699,64444,,38995,2370
28-Jul-2020,2120,1550,1722,66564,,40545,2532
29-Jul-2020,1957,1393,1738,68521,,41938,2661
30-Jul-2020,1786,1679,1726,70307,,43617,2330
31-Jul-2020,1359,1294,1697,71666,,44911,1611
01-Aug-2020,623,535,1631,72289,,45446,1569
02-Aug-2020,708,2430,1561,72997,,47876,1562
03-Aug-2020,1799,1782,1514,74796,,49658,1519
04-Aug-2020,1726,1643,1478,76522,,51301,1523
05-Aug-2020,1686,1477,1422,78208,,52778,1536
06-Aug-2020,1675,1743,1383,79883,,54521,1548
07-Aug-2020,1761,1208,1368,81644,,55729,1557
08-Aug-2020,755,605,1425,82399,,56334,1545
09-Aug-2020,922,2329,1444,83321,,58663,1555
10-Aug-2020,1697,1393,1474,85018,,60056,1541
11-Aug-2020,1823,984,1460,86841,,61040,1485
12-Aug-2020,1617,1132,1474,88458,,62172,1391
13-Aug-2020,1641,1305,1464,90099,,63477,1342
14-Aug-2020,1389,986,1459,91488,,64463,1279
15-Aug-2020,754,567,1406,92242,,65030,1247
16-Aug-2020,1069,2217,1406,93311,,67247,1242
17-Aug-2020,1650,1187,1427,94961,,68434,1226
18-Aug-2020,1648,1114,1420,96609,,69548,1196
19-Aug-2020,1639,1473,1395,98248,,71021,1215
20-Aug-2020,1485,1427,1398,99733,,72448,1264
21-Aug-2020,1491,1037,1376,101224,,73485,1281
22-Aug-2020,710,662,1390,101934,,74147,1288
23-Aug-2020,964,2114,1384,102898,,76261,1302
24-Aug-2020,1901,1397,1369,104799,,77658,1287
25-Aug-2020,1958,795,1405,106757,,78453,1317
26-Aug-2020,1984,3633,1449,108741,,82086,1272
27-Aug-2020,2106,1511,1499,110847,,83597,1580
28-Aug-2020,1833,1831,1587,112680,,85428,1592
29-Aug-2020,909,707,1636,113589,,86135,1706
30-Aug-2020,1100,2256,1665,114689,,88391,1712
31-Aug-2020,2171,1466,1684,116860,,89857,1732
01-Sep-2020,2255,1007,1723,119115,,90864,1742
02-Sep-2020,3194,1394,1765,122309,,92258,1773
03-Sep-2020,2664,1797,1938,124973,,94055,1453
04-Sep-2020,2623,1190,2018,127596,,95245,1494
05-Sep-2020,1504,883,2130,129100,,96128,1402
06-Sep-2020,2175,2394,2215,131275,,98522,1427
07-Sep-2020,3386,1594,2369,134661,,100116,1447
08-Sep-2020,3487,1428,2543,138148,,101544,1465
09-Sep-2020,3992,1462,2719,142140,,103006,1525
10-Sep-2020,4158,1974,2833,146298,,104980,1535
11-Sep-2020,3971,1771,3046,150269,,106751,1560
12-Sep-2020,2716,1260,3239,152985,,108011,1643
13-Sep-2020,3171,3263,3412,156156,,111274,1697
14-Sep-2020,4804,2394,3554,160960,,113668,1821
15-Sep-2020,5528,2263,3757,166488,,115931,1936
16-Sep-2020,4568,2788,4048,171056,,118719,2055
17-Sep-2020,5378,3708,4130,176434,,122427,2244
18-Sep-2020,5333,2839,4305,181767,סגר שני,125266,2492
19-Sep-2020,3809,1438,4499,185576,,126704,2645
20-Sep-2020,2576,2469,4655,188152,,129173,2670
21-Sep-2020,3869,4647,4570,192021,,133820,2557
22-Sep-2020,7018,3501,4437,199039,,137321,2878
23-Sep-2020,7142,3809,4650,206181,,141130,3055
24-Sep-2020,8259,4576,5017,214440,,145706,3201
25-Sep-2020,8387,4127,5429,222827,,149833,3325
26-Sep-2020,5880,2392,5865,228707,,152225,3509
27-Sep-2020,3436,5678,6161,232143,,157903,3645
28-Sep-2020,1154,2164,6284,233297,,160067,4104
29-Sep-2020,4989,5774,5896,238286,,165841,3749
30-Sep-2020,9049,5127,5606,247335,,170968,4074
01-Oct-2020,7721,5749,5879,255056,,176717,4262
02-Oct-2020,7054,5573,5802,262110,,182290,4430
03-Oct-2020,2595,3484,5611,264705,,185774,4636
04-Oct-2020,2936,8102,5142,267641,,193876,4792
05-Oct-2020,5710,6952,5071,273351,,200828,5139
06-Oct-2020,4718,6408,5722,278069,,207236,5823
07-Oct-2020,4153,4894,5683,282222,,212130,5913
08-Oct-2020,3752,4793,4983,285974,,216923,5880
09-Oct-2020,2954,5084,4416,288928,,222007,5743
10-Oct-2020,916,3781,3831,289844,,225788,5673
11-Oct-2020,1638,7543,3591,291482,,233331,5716
12-Oct-2020,3154,5502,3405,294636,,238833,5636
13-Oct-2020,2335,5706,3040,296971,,244539,5429
14-Oct-2020,2118,5826,2700,299089,,250365,5329
15-Oct-2020,1610,5408,2409,300699,,255773,5462
16-Oct-2020,1496,3472,2103,302195,,259245,5550
17-Oct-2020,410,2501,1895,302605,,261746,5319
18-Oct-2020,923,4890,1823,303528,פתיחת סגר שני,266636,5136
19-Oct-2020,1516,2325,1720,305044,,268961,4757
20-Oct-2020,1192,1790,1486,306236,,270751,4304
21-Oct-2020,1170,3117,1323,307406,,273868,3744
22-Oct-2020,1032,3105,1188,308438,,276973,3357
23-Oct-2020,848,2427,1105,309286,,279400,3028
24-Oct-2020,247,1297,1013,309533,,280697,2879
25-Oct-2020,604,2663,989,310137,,283360,2707
26-Oct-2020,884,1281,944,311021,,284641,2389
27-Oct-2020,885,955,853,311906,,285596,2240
28-Oct-2020,724,1290,810,312630,,286886,2120
29-Oct-2020,647,1438,746,313277,,288324,1859
30-Oct-2020,681,1057,691,313958,,289381,1621
31-Oct-2020,228,796,667,314186,,290177,1425
01-Nov-2020,657,1508,664,314843,,291685,1354
02-Nov-2020,792,910,672,315635,,292595,1189
03-Nov-2020,843,724,659,316478,,293319,1136
04-Nov-2020,769,630,653,317247,,293949,1103
05-Nov-2020,568,842,659,317815,,294791,1009
06-Nov-2020,689,886,648,318504,,295677,923
07-Nov-2020,212,681,649,318716,הקלות סגר שני – פתיחת חנויות רחוב,296358,899
08-Nov-2020,535,679,647,319251,,297037,883
09-Nov-2020,723,920,629,319974,,297957,764
10-Nov-2020,674,336,619,320648,,298293,766
11-Nov-2020,768,1080,595,321416,,299373,710
12-Nov-2020,837,1202,595,322253,,300575,774
13-Nov-2020,761,732,634,323014,,301307,826
14-Nov-2020,292,419,644,323306,,301726,804
15-Nov-2020,627,963,655,323933,,302689,766
16-Nov-2020,874,654,668,324807,,303343,807
17-Nov-2020,830,576,690,325637,,303919,769
18-Nov-2020,797,788,712,326434,,304707,803
19-Nov-2020,771,750,716,327205,,305457,762
20-Nov-2020,772,667,707,327977,,306124,697
21-Nov-2020,423,447,709,328400,,306571,688
22-Nov-2020,763,997,727,329163,,307568,692
23-Nov-2020,961,652,747,330124,,308220,697
24-Nov-2020,859,541,759,330983,,308761,696
25-Nov-2020,1082,840,763,332065,,309601,691
26-Nov-2020,1086,923,804,333151,,310524,699
27-Nov-2020,1033,681,849,334184,הקלות סגר שני – פיילוט קניונים,311205,723
28-Nov-2020,583,412,886,334767,,311617,725
29-Nov-2020,1026,1101,909,335793,,312718,720
30-Nov-2020,1257,729,947,337050,,313447,735
01-Dec-2020,1200,697,989,338250,,314144,746
02-Dec-2020,1589,836,1038,339839,,314980,769
03-Dec-2020,1450,1422,1110,341289,,316402,768
04-Dec-2020,1515,860,1162,342804,,317262,839
05-Dec-2020,1000,590,1231,343804,,317852,865
06-Dec-2020,1359,1389,1291,345163,,319241,890
07-Dec-2020,1864,907,1338,347027,,320148,931
08-Dec-2020,1771,892,1425,348798,,321040,957
09-Dec-2020,1868,1022,1506,350666,,322062,985
10-Dec-2020,2009,1431,1546,352675,,323493,1011
11-Dec-2020,1835,1143,1626,354510,,324636,1013
12-Dec-2020,1297,916,1672,355807,,325552,1053
13-Dec-2020,1727,1893,1714,357534,,327445,1100
14-Dec-2020,2322,1263,1767,359856,,328708,1172
15-Dec-2020,2894,1199,1832,362750,,329907,1222
16-Dec-2020,2860,1617,1993,365610,,331524,1266
17-Dec-2020,2847,1946,2134,368457,,333470,1351
18-Dec-2020,2793,1547,2254,371250,,335017,1425
19-Dec-2020,1889,1080,2391,373139,,336097,1483
20-Dec-2020,3096,2552,2476,376235,תחילת חיסונים מנה 1,338649,1506
21-Dec-2020,3861,1551,2671,380096,,340200,1600
22-Dec-2020,4380,1621,2891,384476,,341821,1641
23-Dec-2020,4043,2016,3103,388519,,343837,1702
24-Dec-2020,4048,2858,3272,392567,,346695,1759
25-Dec-2020,4005,2389,3444,396572,,349084,1889
26-Dec-2020,2660,1798,3617,399232,,350882,2009
27-Dec-2020,3534,4190,3727,402766,סגר שלישי,355072,2112
28-Dec-2020,5525,2470,3790,408291,,357542,2346
29-Dec-2020,5633,2380,4027,413924,,359922,2477
30-Dec-2020,5871,3719,4206,419795,,363641,2585
31-Dec-2020,5869,4247,4468,425664,,367888,2829
01-Jan-2021,6014,3443,4728,431678,,371331,3027
02-Jan-2021,4212,2034,5015,435890,,373365,3178
03-Jan-2021,5233,5550,5236,441123,,378915,3211
04-Jan-2021,8424,3076,5479,449547,,381991,3406
05-Jan-2021,8233,2949,5893,457780,,384940,3492
06-Jan-2021,7884,4764,6265,465664,,389704,3574
07-Jan-2021,7664,5842,6552,473328,,395546,3723
08-Jan-2021,8162,4828,6809,481490,הידוק סגר שלישי,400374,3951
09-Jan-2021,5165,3069,7116,486655,,403443,4149
10-Jan-2021,6955,8331,7252,493610,תחילת חיסונים מנה 2,411774,4296
11-Jan-2021,9730,4831,7498,503340,,416605,4694
12-Jan-2021,9299,4558,7684,512639,,421163,4944
13-Jan-2021,9474,7995,7837,522113,,429158,5174
14-Jan-2021,9301,9167,8064,531414,,438325,5636
15-Jan-2021,8431,7981,8298,539845,,446306,6111
16-Jan-2021,5086,4266,8336,544931,,450572,6561
17-Jan-2021,5661,10877,8325,550592,,461449,6732
18-Jan-2021,10122,6153,8140,560714,,467602,7096
19-Jan-2021,8634,5495,8196,569348,,473097,7285
20-Jan-2021,8363,8753,8101,577711,,481850,7419
21-Jan-2021,7272,9952,7942,584983,,491802,7527
22-Jan-2021,7387,8437,7652,592370,,500239,7639
23-Jan-2021,2447,4170,7503,594817,,504409,7704
24-Jan-2021,4939,10518,7126,599756,,514927,7691
25-Jan-2021,8720,5611,7023,608476,,520538,7639
26-Jan-2021,7817,5083,6823,616293,,525621,7562
27-Jan-2021,7749,8656,6706,624042,,534277,7503
28-Jan-2021,7197,9194,6618,631239,,543471,7489
29-Jan-2021,6776,7530,6608,638015,,551001,7381
30-Jan-2021,2628,3536,6520,640643,,554537,7251
31-Jan-2021,5240,10080,6546,645883,,564617,7161
01-Feb-2021,8930,5115,6589,654813,,569732,7098
02-Feb-2021,8025,4396,6619,662838,,574128,7027
03-Feb-2021,7462,8172,6649,670300,,582300,6929
04-Feb-2021,7264,8120,6608,677564,,590420,6860
05-Feb-2021,6601,7238,6617,684165,,597658,6707
06-Feb-2021,2660,3047,6592,686825,,600705,6665
07-Feb-2021,4605,9700,6597,691430,פתיחת סגר שלשי ,610405,6595
08-Feb-2021,7857,4976,6506,699287,,615381,6541
09-Feb-2021,6167,4911,6353,705454,,620292,6521
10-Feb-2021,5677,8226,6088,711131,,628518,6594
11-Feb-2021,5044,8723,5833,716175,,637241,6602
12-Feb-2021,4674,7199,5515,720849,,644440,6688
13-Feb-2021,1890,3386,5240,722739,,647826,6683
14-Feb-2021,3489,9589,5130,726228,,657415,6731
15-Feb-2021,5199,4858,4971,731427,,662273,6715
16-Feb-2021,4582,3734,4591,736009,,666007,6698
17-Feb-2021,4168,6498,4365,740177,,672505,6530
18-Feb-2021,3337,7460,4149,743514,,679965,6283
19-Feb-2021,3794,5891,3905,747308,,685856,6103
20-Feb-2021,1255,3376,3779,748563,,689232,5916
21-Feb-2021,3112,7378,3689,751675,פתיחה חלקית של המשק לאחר סגר שלישי,696610,5915
22-Feb-2021,4811,3648,3635,756486,,700258,5599
23-Feb-2021,4443,3159,3579,760929,,703417,5426
24-Feb-2021,4375,5347,3560,765304,,708764,5344
25-Feb-2021,3820,4987,3589,769124,,713751,5179
26-Feb-2021,3820,3736,3658,772944,,717487,4826
27-Feb-2021,1443,1561,3662,774387,,719048,4518
28-Feb-2021,3058,5638,3689,777445,,724686,4259
01-Mar-2021,4866,2730,3681,782311,,727416,4010
02-Mar-2021,4387,2919,3689,786698,,730335,3879
03-Mar-2021,4670,4579,3681,791368,,734914,3845
04-Mar-2021,3658,4766,3723,795026,,739680,3735
05-Mar-2021,3708,3966,3700,798734,,743646,3704
06-Mar-2021,1876,1913,3684,800610,,745559,3737
07-Mar-2021,2363,5685,3746,802973,פתיחת משק מלאה לאחר סגר שלישי,751244,3787
08-Mar-2021,3796,2669,3646,806769,,753913,3794
09-Mar-2021,3128,2917,3494,809897,,756830,3785
10-Mar-2021,2842,4567,3314,812739,,761397,3785
11-Mar-2021,2553,4967,3053,815292,,766364,3783
12-Mar-2021,2413,3885,2895,817705,,770249,3812
13-Mar-2021,787,2016,2710,818492,,772265,3800
14-Mar-2021,1405,5790,2554,819897,,778055,3815
15-Mar-2021,2129,2640,2417,822026,,780695,3830
16-Mar-2021,1566,2235,2179,823592,,782930,3826
17-Mar-2021,1539,3613,1956,825131,,786543,3728
18-Mar-2021,1251,3580,1770,826382,,790123,3592
19-Mar-2021,1085,2540,1584,827467,,792663,3394
20-Mar-2021,351,1455,1394,827818,,794118,3202
21-Mar-2021,681,3480,1332,828499,,797598,3121
22-Mar-2021,982,1681,1228,829481,,799279,2791
23-Mar-2021,694,736,1065,830175,,800015,2654
24-Mar-2021,477,2245,940,830652,,802260,2440
25-Mar-2021,868,2093,788,831520,,804353,2245
26-Mar-2021,530,1491,734,832050,,805844,2032
27-Mar-2021,236,857,654,832286,,806701,1883
28-Mar-2021,130,878,638,832416,,807579,1797
29-Mar-2021,372,1468,559,832788,,809047,1425
30-Mar-2021,448,817,472,833236,,809864,1395
31-Mar-2021,498,1078,437,833734,,810942,1407
01-Apr-2021,335,1062,440,834069,,812004,1240
02-Apr-2021,419,634,364,834488,,812638,1093
03-Apr-2021,124,462,348,834612,,813100,970
04-Apr-2021,197,1058,332,834809,,814158,914
05-Apr-2021,383,509,341,835192,,814667,939
06-Apr-2021,307,492,343,835499,,815159,802
07-Apr-2021,275,426,323,835774,,815585,756
08-Apr-2021,212,638,291,835986,,816223,663
09-Apr-2021,226,577,273,836212,,816800,602
10-Apr-2021,86,387,246,836298,,817187,594
11-Apr-2021,141,778,240,836439,,817965,583
12-Apr-2021,224,359,232,836663,,818324,543
13-Apr-2021,198,379,210,836861,,818703,522
14-Apr-2021,195,484,194,837056,,819187,506
15-Apr-2021,95,261,183,837151,,819448,514
16-Apr-2021,111,366,166,837262,,819814,460
17-Apr-2021,83,211,150,837345,,820025,430
18-Apr-2021,171,545,149,837516,פתיחת לימודים ללא קפסולות,820570,405
19-Apr-2021,142,202,153,837658,,820772,372
20-Apr-2021,170,226,142,837828,,820998,349
21-Apr-2021,115,234,138,837943,,821232,327
22-Apr-2021,138,334,126,838081,,821566,292
23-Apr-2021,111,266,132,838192,,821832,302
24-Apr-2021,39,114,132,838231,,821946,288
25-Apr-2021,79,191,126,838310,,822137,274
26-Apr-2021,99,146,113,838409,,822283,223
27-Apr-2021,96,149,107,838505,,822432,215
28-Apr-2021,106,177,96,838611,,822609,204
29-Apr-2021,97,170,95,838708,,822779,196
30-Apr-2021,79,130,89,838787,,822909,173
01-May-2021,15,71,85,838802,,822980,153
02-May-2021,53,217,81,838855,,823197,147
03-May-2021,76,152,77,838931,,823349,151
04-May-2021,64,108,74,838995,,823457,152
05-May-2021,72,139,70,839067,,823596,146
06-May-2021,54,144,65,839121,,823740,141
07-May-2021,34,88,59,839155,,823828,137
08-May-2021,16,64,52,839171,,823892,131
09-May-2021,33,145,52,839204,,824037,130
10-May-2021,55,57,49,839259,,824094,120
11-May-2021,38,85,46,839297,,824179,106
12-May-2021,28,94,43,839325,,824273,103
13-May-2021,33,75,36,839358,,824348,96
14-May-2021,27,64,33,839385,,824412,86
15-May-2021,20,45,32,839405,,824457,83
16-May-2021,31,100,33,839436,,824557,80
17-May-2021,15,18,33,839451,,824575,74
18-May-2021,23,92,27,839474,,824667,68
19-May-2021,56,91,25,839530,,824758,69
20-May-2021,35,75,29,839565,,824833,69
21-May-2021,22,34,29,839587,,824867,69
22-May-2021,12,25,28,839599,,824892,65
23-May-2021,26,86,27,839625,,824978,62
24-May-2021,30,30,27,839655,,825008,60
25-May-2021,22,42,29,839677,,825050,61
26-May-2021,16,36,29,839693,,825086,54
27-May-2021,15,38,23,839708,,825124,46
28-May-2021,18,40,20,839726,,825164,41
29-May-2021,13,17,19,839739,,825181,42
30-May-2021,3,70,20,839742,,825251,41
31-May-2021,14,28,16,839756,,825279,39
01-Jun-2021,35,36,14,839791,,825315,38
02-Jun-2021,13,48,16,839804,,825363,37
03-Jun-2021,10,137,15,839814,,825500,39
04-Jun-2021,31,12,15,839845,,825512,53
05-Jun-2021,6,6,17,839851,,825518,49
06-Jun-2021,4,54,16,839855,,825572,48
07-Jun-2021,7,52,16,839862,,825624,45
08-Jun-2021,30,15,15,839892,,825639,49
09-Jun-2021,7,21,14,839899,,825660,46
10-Jun-2021,18,32,13,839917,,825692,42
11-Jun-2021,18,19,14,839935,,825711,27
12-Jun-2021,5,14,12,839940,,825725,28
13-Jun-2021,3,28,12,839943,,825753,29
14-Jun-2021,26,21,12,839969,,825774,25
15-Jun-2021,26,15,15,839995,,825789,21
16-Jun-2021,14,10,14,840009,,825799,21
17-Jun-2021,28,44,15,840037,,825843,19
18-Jun-2021,35,12,17,840072,,825855,21
19-Jun-2021,47,9,19,840119,,825864,20
20-Jun-2021,51,86,25,840170,,825950,19
21-Jun-2021,125,38,32,840295,,825988,28
22-Jun-2021,112,10,46,840407,,825998,30
23-Jun-2021,149,25,58,840556,,826023,29
24-Jun-2021,240,41,78,840796,,826064,32
25-Jun-2021,232,16,108,841028,,826080,31
26-Jun-2021,117,15,136,841145,,826095,32
27-Jun-2021,145,72,146,841290,,826167,33
28-Jun-2021,289,57,160,841579,,826224,31
29-Jun-2021,300,75,183,841879,הפעלת התו הירוק במתחמים מעל 100 איש בגל הרביעי,826299,33
30-Jun-2021,320,93,210,842199,,826392,43
01-Jul-2021,299,164,234,842498,,826556,52
02-Jul-2021,351,136,243,842849,,826692,70
03-Jul-2021,189,96,260,843038,,826788,87
04-Jul-2021,350,286,270,843388,,827074,99
05-Jul-2021,504,195,299,843892,,827269,129
06-Jul-2021,535,176,330,844427,,827445,149
07-Jul-2021,526,244,364,844953,,827689,163
08-Jul-2021,471,326,393,845424,,828015,185
09-Jul-2021,541,248,418,845965,,828263,208
10-Jul-2021,261,133,445,846226,,828396,224
11-Jul-2021,443,424,455,846669,,828820,229
12-Jul-2021,765,280,468,847434,,829100,249
13-Jul-2021,749,326,506,848183,,829426,261
14-Jul-2021,773,450,536,848956,,829876,283
15-Jul-2021,870,562,571,849826,,830438,312
16-Jul-2021,1139,472,628,850965,,830910,346
17-Jul-2021,439,202,714,851404,,831112,378
18-Jul-2021,838,644,739,852242,,831756,388
19-Jul-2021,1390,445,796,853632,,832201,419
20-Jul-2021,1413,380,885,855045,,832581,443
21-Jul-2021,1356,641,980,856401,,833222,450
22-Jul-2021,1289,780,1063,857690,,834002,478
23-Jul-2021,1442,696,1123,859132,,834698,509
24-Jul-2021,973,407,1166,860105,,835105,541
25-Jul-2021,1424,1305,1243,861529,,836410,570
26-Jul-2021,2135,834,1326,863664,,837244,664
27-Jul-2021,2299,898,1433,865963,,838142,720
28-Jul-2021,2193,1149,1559,868156,,839291,794
29-Jul-2021,2179,1358,1679,870335,,840649,867
30-Jul-2021,2454,1230,1806,872789,,841879,949
31-Jul-2021,2103,583,1951,874892,,842462,1025
01-Aug-2021,2126,1910,2112,877018,תחילת חיסונים מנה 3,844372,1051
02-Aug-2021,3862,1113,2212,880880,,845485,1137
03-Aug-2021,3313,1253,2459,884193,,846738,1177
04-Aug-2021,3510,1844,2604,887703,,848582,1228
05-Aug-2021,3886,2261,2792,891589,,850843,1327
06-Aug-2021,3890,1905,3036,895479,,852748,1456
07-Aug-2021,2936,1011,3241,898415,,853759,1552
08-Aug-2021,3447,3265,3360,901862,,857024,1613
09-Aug-2021,6382,2004,3549,908244,,859028,1807
10-Aug-2021,5860,2354,3909,914104,,861382,1934
11-Aug-2021,6027,3260,4273,920131,,864642,2092
12-Aug-2021,6154,3629,4632,926285,,868271,2294
13-Aug-2021,5976,3243,4956,932261,,871514,2489
14-Aug-2021,4233,1576,5254,936494,,873090,2680
15-Aug-2021,5199,5069,5439,941693,,878159,2761
16-Aug-2021,8799,3413,5690,950492,,881572,3019
17-Aug-2021,7995,3321,6035,958487,,884893,3220
18-Aug-2021,8037,5273,6340,966524,,890166,3358
19-Aug-2021,7842,5850,6627,974366,,896016,3646
20-Aug-2021,7908,5466,6868,982274,,901482,3963
21-Aug-2021,5417,2717,7144,987691,,904199,4281
22-Aug-2021,6593,8182,7313,994284,,912381,4444
23-Aug-2021,10114,4983,7513,1004398,,917364,4888
24-Aug-2021,10086,4886,7700,1014484,,922250,5113
25-Aug-2021,9244,7707,7999,1023728,,929957,5336
26-Aug-2021,9124,8573,8172,1032852,,938530,5684
27-Aug-2021,8700,7892,8355,1041552,,946422,6073
28-Aug-2021,7280,3932,8468,1048832,,950354,6420
29-Aug-2021,6792,10668,8734,1055624,,961022,6593
30-Aug-2021,11158,6879,8762,1066782,,967901,6948
31-Aug-2021,10447,6345,8912,1077229,,974246,7219
01-Sep-2021,11305,9301,8963,1088534,,983547,7428
02-Sep-2021,11345,10518,9258,1099879,,994065,7655
03-Sep-2021,9913,9296,9575,1109792,,1003361,7933
04-Sep-2021,5068,5165,9748,1114860,,1008526,8134
05-Sep-2021,5868,12367,9432,1120728,,1020893,8310
06-Sep-2021,10872,9145,9300,1131600,,1030038,8553
07-Sep-2021,6866,4909,9259,1138466,,1034947,8876
08-Sep-2021,3320,5844,8748,1141786,,1040791,8671
09-Sep-2021,7961,13150,7607,1149747,,1053941,8177
10-Sep-2021,9901,11411,7124,1159648,,1065352,8553
11-Sep-2021,10292,5779,7122,1169940,,1071131,8855
12-Sep-2021,7808,12718,7868,1177748,,1083849,8943
13-Sep-2021,10955,7672,8145,1188703,,1091521,8993
14-Sep-2021,9859,6826,8157,1198562,,1098347,8783
15-Sep-2021,8863,10013,8585,1207425,,1108360,9057
16-Sep-2021,3285,3814,9377,1210710,,1112174,9652
17-Sep-2021,5024,6866,8709,1215734,,1119040,8319
18-Sep-2021,8617,3742,8012,1224351,,1122782,7669
19-Sep-2021,6553,15901,7773,1230904,,1138683,7378
20-Sep-2021,8828,10718,7593,1239732,,1149401,7833
21-Sep-2021,4830,4128,7289,1244562,,1153529,8268
22-Sep-2021,6026,11570,6571,1250588,,1165099,7883
23-Sep-2021,6453,9730,6166,1257041,,1174829,8105
24-Sep-2021,4990,7780,6618,1262031,,1182609,8950
25-Sep-2021,2653,3159,6613,1264684,,1185768,9081
26-Sep-2021,3874,5354,5761,1268558,,1191122,8998
27-Sep-2021,5246,8937,5379,1273804,,1200059,7491
28-Sep-2021,2442,5196,4867,1276246,,1205255,7236
29-Sep-2021,3636,9552,4526,1279882,,1214807,7389
30-Sep-2021,4398,6790,4184,1284280,,1221597,7101
01-Oct-2021,3622,4958,3891,1287902,,1226555,6681
02-Oct-2021,1739,3650,3695,1289641,,1230205,6278
03-Oct-2021,2700,7670,3565,1292341,הנחיות חדשות בתו הירוק ,1237875,6348
04-Oct-2021,3277,4481,3397,1295618,,1242356,6679
05-Oct-2021,2557,4078,3116,1298175,,1246434,6042
06-Oct-2021,2429,4655,3132,1300604,,1251089,5882
07-Oct-2021,2120,3947,2960,1302724,,1255036,5183
08-Oct-2021,2024,3132,2634,1304748,,1258168,4777
09-Oct-2021,1040,3007,2406,1305788,,1261175,4516
10-Oct-2021,1492,5194,2306,1307280,,1266369,4424
11-Oct-2021,2343,2694,2134,1309623,,1269063,4070
12-Oct-2021,1816,2942,2000,1311439,,1272005,3815
13-Oct-2021,1772,3223,1894,1313211,,1275228,3653
14-Oct-2021,1345,3142,1801,1314556,,1278370,3448
15-Oct-2021,1575,2199,1690,1316131,,1280569,3333
16-Oct-2021,740,1202,1626,1316871,,1281771,3200
17-Oct-2021,1222,3020,1583,1318093,,1284791,2942
18-Oct-2021,1508,1837,1544,1319601,,1286628,2631
19-Oct-2021,1150,1749,1425,1320751,,1288377,2509
20-Oct-2021,1036,2306,1330,1321787,,1290683,2338
21-Oct-2021,993,2331,1225,1322780,,1293014,2207
22-Oct-2021,982,1739,1174,1323762,,1294753,2092
23-Oct-2021,332,956,1090,1324094,,1295709,2026
24-Oct-2021,842,2250,1031,1324936,,1297959,1991
25-Oct-2021,929,1355,977,1325865,,1299314,1881
26-Oct-2021,729,1370,894,1326594,,1300684,1812
27-Oct-2021,647,1514,834,1327241,,1302198,1758
28-Oct-2021,661,1369,779,1327902,,1303567,1645
29-Oct-2021,617,1177,731,1328519,,1304744,1507
30-Oct-2021,226,641,679,1328745,,1305385,1427
31-Oct-2021,528,1394,664,1329273,,1306779,1382
01-Nov-2021,691,818,619,1329964,היתר כניסת תיירים לישראל על פי מתווה,1307597,1260
02-Nov-2021,667,876,585,1330631,,1308473,1183
03-Nov-2021,616,975,576,1331247,,1309448,1112
04-Nov-2021,519,998,572,1331766,,1310446,1035
05-Nov-2021,558,663,552,1332324,,1311109,982
06-Nov-2021,199,436,543,1332523,,1311545,909
07-Nov-2021,502,889,539,1333025,,1312434,880
08-Nov-2021,566,510,536,1333591,,1312944,807
09-Nov-2021,473,526,518,1334064,,1313470,763
10-Nov-2021,498,729,490,1334562,,1314199,713
11-Nov-2021,393,707,473,1334955,,1314906,678
12-Nov-2021,448,615,455,1335403,,1315521,637
13-Nov-2021,225,365,439,1335628,,1315886,630
14-Nov-2021,397,699,443,1336025,,1316585,620
15-Nov-2021,535,462,428,1336560,,1317047,593
16-Nov-2021,558,519,424,1337118,,1317566,586
17-Nov-2021,483,554,436,1337601,,1318120,585
18-Nov-2021,469,619,434,1338070,,1318739,560
19-Nov-2021,508,386,445,1338578,,1319125,547
20-Nov-2021,237,301,453,1338815,,1319426,514
21-Nov-2021,453,686,455,1339268,,1320112,505
22-Nov-2021,716,321,463,1339984,תחילת מבצע חיסונים לילדים בני 5-11,1320433,503
23-Nov-2021,604,343,489,1340588,,1320776,483
24-Nov-2021,543,517,495,1341131,,1321293,458
25-Nov-2021,539,568,504,1341670,,1321861,453
26-Nov-2021,540,405,514,1342210,,1322266,446
27-Nov-2021,169,314,518,1342379,,1322580,448
28-Nov-2021,543,783,509,1342922,,1323363,450
29-Nov-2021,698,461,522,1343620,,1323824,464
30-Nov-2021,577,553,519,1344197,,1324377,484
01-Dec-2021,563,648,515,1344760,,1325025,514
02-Dec-2021,519,656,518,1345279,,1325681,533
03-Dec-2021,486,530,515,1345765,,1326211,545
04-Dec-2021,248,320,507,1346013,,1326531,563
05-Dec-2021,539,733,519,1346552,,1327264,564
06-Dec-2021,739,453,518,1347291,,1327717,557
07-Dec-2021,814,511,524,1348105,,1328228,556
08-Dec-2021,714,641,558,1348819,,1328869,550
09-Dec-2021,647,686,579,1349466,,1329555,549
10-Dec-2021,607,558,598,1350073,,1330113,553
11-Dec-2021,236,546,615,1350309,,1330659,557
12-Dec-2021,492,713,613,1350801,,1331372,589
13-Dec-2021,771,426,607,1351572,,1331798,586
14-Dec-2021,701,467,611,1352273,,1332265,583
15-Dec-2021,789,670,595,1353062,,1332935,576
16-Dec-2021,863,842,606,1353925,,1333777,580
17-Dec-2021,877,700,637,1354802,,1334477,603
18-Dec-2021,392,426,675,1355194,,1334903,623
19-Dec-2021,1022,749,697,1356216,,1335652,606
20-Dec-2021,1329,507,773,1357545,,1336159,611
21-Dec-2021,1200,442,853,1358745,,1336601,623
22-Dec-2021,1417,638,924,1360162,,1337239,619
23-Dec-2021,1515,676,1014,1361677,,1337915,614
24-Dec-2021,1790,667,1107,1363467,,1338582,591
25-Dec-2021,806,462,1237,1364273,,1339044,586
26-Dec-2021,1806,906,1297,1366079,,1339950,591
27-Dec-2021,2974,776,1409,1369053,,1340726,614
28-Dec-2021,3246,1222,1644,1372299,,1341948,652
29-Dec-2021,4074,1223,1936,1376373,,1343171,763
30-Dec-2021,5081,1342,2315,1381454,,1344513,847
31-Dec-2021,5494,1163,2825,1386948,,1345676,942
01-Jan-2022,4231,1055,3354,1391179,,1346731,1013
02-Jan-2022,6615,1890,3843,1397794,תחילת חיסונים מנה 4 לבני 60 ומעלה ולצוותים רפואיים,1348621,1098
03-Jan-2022,10952,1464,4530,1408746,,1350085,1238
04-Jan-2022,12642,1856,5670,1421388,,1351941,1337
05-Jan-2022,18519,2724,7012,1439907,שינוי מדיניות בדיקות ובידודים - אנטיגן קובע מאומתים,1354665,1427
06-Jan-2022,19020,3564,9076,1458927,,1358229,1642
07-Jan-2022,21985,3719,11067,1480912,,1361948,1959
08-Jan-2022,22850,3163,13423,1503762,,1365111,2324
09-Jan-2022,31115,6227,16083,1534877,,1371338,2625
10-Jan-2022,41405,5053,19583,1576282,,1376391,3245
11-Jan-2022,46703,7036,23933,1622985,,1383427,3758
12-Jan-2022,48584,11859,28799,1671569,,1395286,4498
13-Jan-2022,49229,58263,33094,1720798,,1453549,5803
14-Jan-2022,45818,20191,37410,1766616,,1473740,13617
15-Jan-2022,44979,15935,40814,1811595,,1489675,15970
16-Jan-2022,64695,39729,43976,1876290,,1529404,17794
17-Jan-2022,71952,45424,48773,1948242,,1574828,22580
18-Jan-2022,73701,48876,53137,2021943,,1623704,28348
19-Jan-2022,74866,95413,56994,2096809,,1719117,34325
20-Jan-2022,75006,28391,60748,2171815,,1747508,46261
21-Jan-2022,65571,90449,64431,2237386,,1837957,41994
22-Jan-2022,67865,72501,67252,2305251,,1910458,52031
23-Jan-2022,85107,74310,70522,2390358,,1984768,60111
24-Jan-2022,83629,39470,73438,2473987,,2024238,65052
25-Jan-2022,76273,34896,75106,2550260,,2059134,64201
26-Jan-2022,67808,32633,75473,2618068,,2091767,62204
27-Jan-2022,57563,66302,74465,2675631,,2158069,53235
28-Jan-2022,7812,33183,71973,2683443,,2191252,58651
