date,amount,recovered,avg,sum,coronaEvents,recovered_cum
12-Feb-2020,0,0,,7,,103
13-Feb-2020,0,0,0,7,,103
14-Feb-2020,0,0,0,7,,103
15-Feb-2020,0,0,0,7,,103
16-Feb-2020,0,0,0,7,,103
17-Feb-2020,0,0,0,7,,103
18-Feb-2020,0,0,0,7,,103
19-Feb-2020,0,0,0,7,,103
20-Feb-2020,0,1,0,7,,104
21-Feb-2020,1,0,0,8,,104
22-Feb-2020,0,0,0,8,,104
23-Feb-2020,0,0,0,8,,104
24-Feb-2020,1,0,0,9,,104
25-Feb-2020,0,0,0,9,,104
26-Feb-2020,0,0,0,9,,104
27-Feb-2020,1,0,0,10,,104
28-Feb-2020,3,0,0,13,,104
29-Feb-2020,0,0,0,13,,104
01-Mar-2020,1,0,0,14,,104
02-Mar-2020,5,0,0,19,,104
03-Mar-2020,3,0,1,22,,104
04-Mar-2020,0,0,1,22,,104
05-Mar-2020,9,0,1,31,,104
06-Mar-2020,4,0,3,35,,104
07-Mar-2020,4,0,3,39,,104
08-Mar-2020,9,0,3,48,,104
09-Mar-2020,4,0,4,52,,104
10-Mar-2020,33,0,4,85,,104
11-Mar-2020,19,0,9,104,,104
12-Mar-2020,22,0,11,126,,104
13-Mar-2020,35,1,13,161,,105
14-Mar-2020,29,0,18,190,סגר ראשון ,105
15-Mar-2020,40,0,21,230,,105
16-Mar-2020,73,0,26,303,,105
17-Mar-2020,94,2,35,397,,107
18-Mar-2020,125,2,44,522,,109
19-Mar-2020,136,4,59,658,,113
20-Mar-2020,168,1,76,826,,114
21-Mar-2020,209,0,95,1035,,114
22-Mar-2020,252,5,120,1287,,119
23-Mar-2020,350,6,151,1637,,125
24-Mar-2020,421,5,190,2058,,130
25-Mar-2020,424,6,237,2482,,136
26-Mar-2020,519,10,280,3001,,146
27-Mar-2020,432,18,334,3433,,164
28-Mar-2020,476,9,372,3909,,173
29-Mar-2020,529,14,410,4438,,187
30-Mar-2020,551,33,450,4989,,220
31-Mar-2020,737,43,478,5726,,263
01-Apr-2020,694,32,524,6420,,295
02-Apr-2020,724,79,562,7144,,374
03-Apr-2020,600,55,591,7744,,429
04-Apr-2020,428,53,615,8172,,482
05-Apr-2020,584,101,609,8756,,583
06-Apr-2020,449,119,616,9205,,702
07-Apr-2020,376,120,602,9581,,822
08-Apr-2020,340,106,550,9921,,928
09-Apr-2020,340,111,500,10261,,1039
10-Apr-2020,356,127,445,10617,,1166
11-Apr-2020,342,121,410,10959,,1287
12-Apr-2020,551,258,398,11510,,1545
13-Apr-2020,437,279,393,11947,,1824
14-Apr-2020,394,288,391,12341,,2112
15-Apr-2020,305,280,394,12646,,2392
16-Apr-2020,296,328,389,12942,,2720
17-Apr-2020,297,357,383,13239,,3077
18-Apr-2020,288,250,374,13527,,3327
19-Apr-2020,274,381,366,13801,פתיחת משק חלקית לאחר סגר ראשון,3708
20-Apr-2020,297,449,327,14098,,4157
21-Apr-2020,279,373,307,14377,,4530
22-Apr-2020,226,391,290,14603,,4921
23-Apr-2020,275,331,279,14878,,5252
24-Apr-2020,249,337,276,15127,,5589
25-Apr-2020,159,376,269,15286,,5965
26-Apr-2020,82,432,251,15368,,6397
27-Apr-2020,127,469,223,15495,,6866
28-Apr-2020,161,565,199,15656,,7431
29-Apr-2020,82,351,182,15738,,7782
30-Apr-2020,143,426,162,15881,,8208
01-May-2020,116,423,143,15997,,8631
02-May-2020,57,279,124,16054,,8910
03-May-2020,27,287,109,16081,,9197
04-May-2020,55,259,101,16136,,9456
05-May-2020,33,318,91,16169,,9774
06-May-2020,65,261,73,16234,,10035
07-May-2020,61,226,70,16295,,10261
08-May-2020,33,222,59,16328,,10483
09-May-2020,20,91,47,16348,,10574
10-May-2020,29,168,42,16377,,10742
11-May-2020,39,328,42,16416,,11070
12-May-2020,23,258,40,16439,,11328
13-May-2020,39,177,38,16478,,11505
14-May-2020,22,240,34,16500,,11745
15-May-2020,12,160,29,16512,,11905
16-May-2020,5,102,26,16517,,12007
17-May-2020,15,150,24,16532,,12157
18-May-2020,27,274,22,16559,,12431
19-May-2020,22,153,20,16581,,12584
20-May-2020,15,110,20,16596,,12694
21-May-2020,18,122,16,16614,,12816
22-May-2020,19,162,16,16633,,12978
23-May-2020,5,44,17,16638,,13022
24-May-2020,13,115,17,16651,,13137
25-May-2020,22,132,17,16673,,13269
26-May-2020,50,91,16,16723,,13360
27-May-2020,40,60,20,16763,פתיחת משק מלאה לאחר סגר ראשון,13420
28-May-2020,77,113,23,16840,,13533
29-May-2020,113,39,32,16953,,13572
30-May-2020,29,41,45,16982,,13613
31-May-2020,87,61,49,17069,,13674
01-Jun-2020,100,68,59,17169,,13742
02-Jun-2020,121,53,70,17290,,13795
03-Jun-2020,96,27,81,17386,,13822
04-Jun-2020,142,42,89,17528,,13864
05-Jun-2020,127,37,98,17655,,13901
06-Jun-2020,78,24,100,17733,,13925
07-Jun-2020,140,42,107,17873,,13967
08-Jun-2020,179,39,114,18052,,14006
09-Jun-2020,174,46,126,18226,,14052
10-Jun-2020,241,52,133,18467,,14104
11-Jun-2020,192,55,154,18659,,14159
12-Jun-2020,184,54,161,18843,,14213
13-Jun-2020,149,41,169,18992,,14254
14-Jun-2020,137,50,179,19129,,14304
15-Jun-2020,200,89,179,19329,,14393
16-Jun-2020,298,51,182,19627,,14444
17-Jun-2020,270,48,200,19897,,14492
18-Jun-2020,303,50,204,20200,,14542
19-Jun-2020,311,57,220,20511,,14599
20-Jun-2020,161,37,238,20672,,14636
21-Jun-2020,174,50,240,20846,,14686
22-Jun-2020,344,60,245,21190,,14746
23-Jun-2020,452,85,265,21642,,14831
24-Jun-2020,486,72,287,22128,,14903
25-Jun-2020,516,77,318,22644,,14980
26-Jun-2020,464,130,349,23108,,15110
27-Jun-2020,397,50,371,23505,,15160
28-Jun-2020,383,140,404,23888,,15300
29-Jun-2020,759,167,434,24647,,15467
30-Jun-2020,789,127,493,25436,,15594
01-Jul-2020,968,99,542,26404,,15693
02-Jul-2020,1154,125,610,27558,,15818
03-Jul-2020,941,119,702,28499,,15937
04-Jul-2020,821,76,770,29320,,16013
05-Jul-2020,825,143,830,30145,,16156
06-Jul-2020,1128,196,893,31273,,16352
07-Jul-2020,1383,175,946,32656,,16527
08-Jul-2020,1328,226,1031,33984,,16753
09-Jul-2020,1522,225,1082,35506,,16978
10-Jul-2020,1407,212,1135,36913,,17190
11-Jul-2020,1169,191,1202,38082,,17381
12-Jul-2020,1236,336,1251,39318,,17717
13-Jul-2020,1717,362,1310,41035,,18079
14-Jul-2020,1601,314,1394,42636,,18393
15-Jul-2020,1873,361,1425,44509,,18754
16-Jul-2020,1936,508,1503,46445,,19262
17-Jul-2020,1601,481,1562,48046,,19743
18-Jul-2020,1445,448,1590,49491,,20191
19-Jul-2020,1016,517,1629,50507,,20708
20-Jul-2020,1886,626,1598,52393,,21334
21-Jul-2020,2004,641,1622,54397,,21975
22-Jul-2020,2041,3723,1680,56438,,25698
23-Jul-2020,1989,6744,1704,58427,,32442
24-Jul-2020,1824,1596,1711,60251,,34038
25-Jul-2020,1110,589,1743,61361,,34627
26-Jul-2020,1040,2735,1695,62401,,37362
27-Jul-2020,2047,1764,1699,64448,,39126
28-Jul-2020,2120,1551,1722,66568,,40677
29-Jul-2020,1956,1398,1738,68524,,42075
30-Jul-2020,1786,1683,1726,70310,,43758
31-Jul-2020,1360,1299,1697,71670,,45057
01-Aug-2020,623,535,1631,72293,,45592
02-Aug-2020,708,2437,1561,73001,,48029
03-Aug-2020,1799,1797,1514,74800,,49826
04-Aug-2020,1726,1649,1478,76526,,51475
05-Aug-2020,1686,1482,1422,78212,,52957
06-Aug-2020,1675,1750,1384,79887,,54707
07-Aug-2020,1762,1214,1368,81649,,55921
08-Aug-2020,755,608,1425,82404,,56529
09-Aug-2020,923,2334,1444,83327,,58863
10-Aug-2020,1697,1397,1475,85024,,60260
11-Aug-2020,1823,985,1460,86847,,61245
12-Aug-2020,1617,1137,1474,88464,,62382
13-Aug-2020,1641,1310,1464,90105,,63692
14-Aug-2020,1389,986,1459,91494,,64678
15-Aug-2020,754,567,1406,92248,,65245
16-Aug-2020,1069,2223,1406,93317,,67468
17-Aug-2020,1651,1193,1427,94968,,68661
18-Aug-2020,1648,1117,1420,96616,,69778
19-Aug-2020,1639,1479,1395,98255,,71257
20-Aug-2020,1485,1433,1398,99740,,72690
21-Aug-2020,1492,1040,1376,101232,,73730
22-Aug-2020,710,666,1391,101942,,74396
23-Aug-2020,964,2121,1384,102906,,76517
24-Aug-2020,1901,1404,1369,104807,,77921
25-Aug-2020,1958,798,1405,106765,,78719
26-Aug-2020,1984,3643,1449,108749,,82362
27-Aug-2020,2106,1514,1499,110855,,83876
28-Aug-2020,1833,1832,1587,112688,,85708
29-Aug-2020,909,711,1636,113597,,86419
30-Aug-2020,1100,2266,1665,114697,,88685
31-Aug-2020,2171,1473,1684,116868,,90158
01-Sep-2020,2253,1009,1723,119121,,91167
02-Sep-2020,3193,1401,1765,122314,,92568
03-Sep-2020,2664,1801,1937,124978,,94369
04-Sep-2020,2623,1193,2017,127601,,95562
05-Sep-2020,1504,886,2130,129105,,96448
06-Sep-2020,2174,2403,2215,131279,,98851
07-Sep-2020,3386,1597,2368,134665,,100448
08-Sep-2020,3487,1431,2542,138152,,101879
09-Sep-2020,3991,1464,2718,142143,,103343
10-Sep-2020,4158,1977,2832,146301,,105320
11-Sep-2020,3971,1775,3046,150272,,107095
12-Sep-2020,2716,1266,3238,152988,,108361
13-Sep-2020,3172,3275,3411,156160,,111636
14-Sep-2020,4802,2402,3554,160962,,114038
15-Sep-2020,5528,2272,3756,166490,,116310
16-Sep-2020,4568,2793,4048,171058,,119103
17-Sep-2020,5378,3717,4130,176436,,122820
18-Sep-2020,5333,2848,4305,181769,סגר שני,125668
19-Sep-2020,3809,1443,4499,185578,,127111
20-Sep-2020,2575,2480,4655,188153,,129591
21-Sep-2020,3869,4661,4570,192022,,134252
22-Sep-2020,7019,3510,4437,199041,,137762
23-Sep-2020,7140,3818,4650,206181,,141580
24-Sep-2020,8260,4595,5017,214441,,146175
25-Sep-2020,8386,4149,5429,222827,,150324
26-Sep-2020,5880,2395,5865,228707,,152719
27-Sep-2020,3436,5699,6161,232143,,158418
28-Sep-2020,1154,2172,6284,233297,,160590
29-Sep-2020,4989,5789,5896,238286,,166379
30-Sep-2020,9050,5146,5606,247336,,171525
01-Oct-2020,7721,5770,5879,255057,,177295
02-Oct-2020,7053,5599,5802,262110,,182894
03-Oct-2020,2595,3505,5611,264705,,186399
04-Oct-2020,2936,8113,5142,267641,,194512
05-Oct-2020,5710,6978,5071,273351,,201490
06-Oct-2020,4719,6433,5722,278070,,207923
07-Oct-2020,4155,4905,5683,282225,,212828
08-Oct-2020,3752,4813,4984,285977,,217641
09-Oct-2020,2954,5105,4417,288931,,222746
10-Oct-2020,912,3791,3831,289843,,226537
11-Oct-2020,1638,7565,3591,291481,,234102
12-Oct-2020,3154,5523,3405,294635,,239625
13-Oct-2020,2335,5731,3040,296970,,245356
14-Oct-2020,2118,5839,2700,299088,,251195
15-Oct-2020,1611,5423,2409,300699,,256618
16-Oct-2020,1496,3480,2103,302195,,260098
17-Oct-2020,409,2514,1894,302604,,262612
18-Oct-2020,923,4914,1823,303527,פתיחת סגר שני,267526
19-Oct-2020,1516,2340,1720,305043,,269866
20-Oct-2020,1192,1801,1486,306235,,271667
21-Oct-2020,1170,3129,1323,307405,,274796
22-Oct-2020,1032,3119,1188,308437,,277915
23-Oct-2020,847,2432,1105,309284,,280347
24-Oct-2020,247,1304,1012,309531,,281651
25-Oct-2020,604,2675,989,310135,,284326
26-Oct-2020,884,1288,944,311019,,285614
27-Oct-2020,885,958,853,311904,,286572
28-Oct-2020,725,1292,809,312629,,287864
29-Oct-2020,647,1443,746,313276,,289307
30-Oct-2020,681,1062,691,313957,,290369
31-Oct-2020,228,796,667,314185,,291165
01-Nov-2020,657,1512,664,314842,,292677
02-Nov-2020,792,912,672,315634,,293589
03-Nov-2020,844,729,659,316478,,294318
04-Nov-2020,770,630,653,317248,,294948
05-Nov-2020,570,843,659,317818,,295791
06-Nov-2020,690,888,648,318508,,296679
07-Nov-2020,212,685,650,318720,הקלות סגר שני – פתיחת חנויות רחוב,297364
08-Nov-2020,535,679,647,319255,,298043
09-Nov-2020,722,920,630,319977,,298963
10-Nov-2020,674,338,620,320651,,299301
11-Nov-2020,768,1081,596,321419,,300382
12-Nov-2020,837,1205,595,322256,,301587
13-Nov-2020,761,734,634,323017,,302321
14-Nov-2020,292,421,644,323309,,302742
15-Nov-2020,628,969,655,323937,,303711
16-Nov-2020,874,658,668,324811,,304369
17-Nov-2020,830,579,690,325641,,304948
18-Nov-2020,797,795,712,326438,,305743
19-Nov-2020,771,752,717,327209,,306495
20-Nov-2020,772,670,707,327981,,307165
21-Nov-2020,423,448,709,328404,,307613
22-Nov-2020,763,998,727,329167,,308611
23-Nov-2020,961,653,747,330128,,309264
24-Nov-2020,859,544,759,330987,,309808
25-Nov-2020,1082,845,763,332069,,310653
26-Nov-2020,1086,925,804,333155,,311578
27-Nov-2020,1033,689,849,334188,הקלות סגר שני – פיילוט קניונים,312267
28-Nov-2020,583,415,886,334771,,312682
29-Nov-2020,1025,1106,909,335796,,313788
30-Nov-2020,1257,732,947,337053,,314520
01-Dec-2020,1200,700,989,338253,,315220
02-Dec-2020,1589,841,1038,339842,,316061
03-Dec-2020,1451,1423,1110,341293,,317484
04-Dec-2020,1515,862,1162,342808,,318346
05-Dec-2020,1001,594,1231,343809,,318940
06-Dec-2020,1359,1394,1291,345168,,320334
07-Dec-2020,1863,908,1338,347031,,321242
08-Dec-2020,1771,892,1425,348802,,322134
09-Dec-2020,1868,1025,1507,350670,,323159
10-Dec-2020,2010,1434,1546,352680,,324593
11-Dec-2020,1835,1145,1626,354515,,325738
12-Dec-2020,1297,917,1672,355812,,326655
13-Dec-2020,1727,1903,1714,357539,,328558
14-Dec-2020,2322,1264,1767,359861,,329822
15-Dec-2020,2894,1204,1832,362755,,331026
16-Dec-2020,2861,1623,1993,365616,,332649
17-Dec-2020,2849,1950,2135,368465,,334599
18-Dec-2020,2793,1555,2255,371258,,336154
19-Dec-2020,1889,1084,2391,373147,,337238
20-Dec-2020,3097,2569,2476,376244,תחילת חיסונים מנה 1,339807
21-Dec-2020,3860,1556,2672,380104,,341363
22-Dec-2020,4380,1628,2891,384484,,342991
23-Dec-2020,4043,2025,3104,388527,,345016
24-Dec-2020,4049,2866,3273,392576,,347882
25-Dec-2020,4005,2401,3444,396581,,350283
26-Dec-2020,2659,1805,3617,399240,,352088
27-Dec-2020,3534,4208,3727,402774,סגר שלישי,356296
28-Dec-2020,5526,2477,3790,408300,,358773
29-Dec-2020,5633,2386,4028,413933,,361159
30-Dec-2020,5872,3727,4207,419805,,364886
31-Dec-2020,5869,4263,4468,425674,,369149
01-Jan-2021,6014,3456,4728,431688,,372605
02-Jan-2021,4212,2043,5015,435900,,374648
03-Jan-2021,5232,5569,5237,441132,,380217
04-Jan-2021,8423,3084,5479,449555,,383301
05-Jan-2021,8234,2959,5893,457789,,386260
06-Jan-2021,7885,4786,6265,465674,,391046
07-Jan-2021,7664,5855,6552,473338,,396901
08-Jan-2021,8162,4846,6809,481500,הידוק סגר שלישי,401747
09-Jan-2021,5165,3083,7116,486665,,404830
10-Jan-2021,6956,8357,7252,493621,תחילת חיסונים מנה 2,413187
11-Jan-2021,9733,4845,7498,503354,,418032
12-Jan-2021,9296,4574,7685,512650,,422606
13-Jan-2021,9474,8021,7837,522124,,430627
14-Jan-2021,9302,9207,8064,531426,,439834
15-Jan-2021,8432,8009,8298,539858,,447843
16-Jan-2021,5088,4281,8336,544946,,452124
17-Jan-2021,5662,10912,8325,550608,,463036
18-Jan-2021,10123,6175,8141,560731,,469211
19-Jan-2021,8633,5515,8196,569364,,474726
20-Jan-2021,8365,8776,8102,577729,,483502
21-Jan-2021,7273,9993,7943,585002,,493495
22-Jan-2021,7388,8476,7653,592390,,501971
23-Jan-2021,2446,4183,7504,594836,,506154
24-Jan-2021,4939,10562,7127,599775,,516716
25-Jan-2021,8721,5629,7023,608496,,522345
26-Jan-2021,7815,5099,6823,616311,,527444
27-Jan-2021,7750,8690,6706,624061,,536134
28-Jan-2021,7198,9232,6618,631259,,545366
29-Jan-2021,6776,7559,6608,638035,,552925
30-Jan-2021,2628,3549,6520,640663,,556474
31-Jan-2021,5240,10116,6546,645903,,566590
01-Feb-2021,8930,5132,6589,654833,,571722
02-Feb-2021,8027,4408,6619,662860,,576130
03-Feb-2021,7462,8199,6649,670322,,584329
04-Feb-2021,7266,8151,6608,677588,,592480
05-Feb-2021,6601,7268,6618,684189,,599748
06-Feb-2021,2660,3056,6593,686849,,602804
07-Feb-2021,4605,9731,6598,691454,פתיחת סגר שלשי ,612535
08-Feb-2021,7857,5003,6507,699311,,617538
09-Feb-2021,6166,4927,6354,705477,,622465
10-Feb-2021,5679,8257,6088,711156,,630722
11-Feb-2021,5018,8752,5833,716174,,639474
12-Feb-2021,4674,7224,5512,720848,,646698
13-Feb-2021,1890,3400,5237,722738,,650098
14-Feb-2021,3489,9623,5127,726227,,659721
15-Feb-2021,5198,4878,4967,731425,,664599
16-Feb-2021,4579,3746,4587,736004,,668345
17-Feb-2021,4169,6516,4361,740173,,674861
18-Feb-2021,3335,7482,4145,743508,,682343
19-Feb-2021,3794,5910,3904,747302,,688253
20-Feb-2021,1255,3387,3779,748557,,691640
21-Feb-2021,3112,7404,3688,751669,פתיחה חלקית של המשק לאחר סגר שלישי,699044
22-Feb-2021,4809,3655,3634,756478,,702699
23-Feb-2021,4443,3175,3579,760921,,705874
24-Feb-2021,4372,5369,3559,765293,,711243
25-Feb-2021,3819,5006,3588,769112,,716249
26-Feb-2021,3820,3748,3657,772932,,719997
27-Feb-2021,1442,1562,3661,774374,,721559
28-Feb-2021,3058,5656,3688,777432,,727215
01-Mar-2021,4865,2736,3680,782297,,729951
02-Mar-2021,4381,2924,3688,786678,,732875
03-Mar-2021,4670,4592,3679,791348,,737467
04-Mar-2021,3658,4780,3722,795006,,742247
05-Mar-2021,3708,3975,3699,798714,,746222
06-Mar-2021,1876,1919,3683,800590,,748141
07-Mar-2021,2349,5700,3745,802939,פתיחת משק מלאה לאחר סגר שלישי,753841
08-Mar-2021,3794,2672,3643,806733,,756513
09-Mar-2021,3128,2924,3490,809861,,759437
10-Mar-2021,2842,4582,3311,812703,,764019
11-Mar-2021,2553,4980,3050,815256,,768999
12-Mar-2021,2413,3897,2892,817669,,772896
13-Mar-2021,787,2025,2707,818456,,774921
14-Mar-2021,1389,5800,2552,819845,,780721
15-Mar-2021,2129,2647,2415,821974,,783368
16-Mar-2021,1566,2241,2177,823540,,785609
17-Mar-2021,1538,3623,1954,825078,,789232
18-Mar-2021,1249,3593,1767,826327,,792825
19-Mar-2021,1085,2545,1581,827412,,795370
20-Mar-2021,351,1460,1391,827763,,796830
21-Mar-2021,681,3488,1329,828444,,800318
22-Mar-2021,977,1688,1228,829421,,802006
23-Mar-2021,693,742,1063,830114,,802748
24-Mar-2021,477,2251,939,830591,,804999
25-Mar-2021,845,2095,787,831436,,807094
26-Mar-2021,523,1497,729,831959,,808591
27-Mar-2021,231,857,649,832190,,809448
28-Mar-2021,130,880,632,832320,,810328
29-Mar-2021,362,1469,553,832682,,811797
30-Mar-2021,441,822,465,833123,,812619
31-Mar-2021,497,1079,429,833620,,813698
01-Apr-2021,335,1063,432,833955,,814761
02-Apr-2021,419,638,359,834374,,815399
03-Apr-2021,124,463,345,834498,,815862
04-Apr-2021,197,1059,329,834695,,816921
05-Apr-2021,383,509,339,835078,,817430
06-Apr-2021,307,492,342,835385,,817922
07-Apr-2021,275,426,323,835660,,818348
08-Apr-2021,212,638,291,835872,,818986
09-Apr-2021,226,577,273,836098,,819563
10-Apr-2021,86,387,246,836184,,819950
11-Apr-2021,141,778,240,836325,,820728
12-Apr-2021,224,359,232,836549,,821087
13-Apr-2021,198,379,210,836747,,821466
14-Apr-2021,195,484,194,836942,,821950
15-Apr-2021,95,261,183,837037,,822211
16-Apr-2021,111,366,166,837148,,822577
17-Apr-2021,83,211,150,837231,,822788
18-Apr-2021,144,547,149,837375,פתיחת לימודים ללא קפסולות,823335
19-Apr-2021,133,204,150,837508,,823539
20-Apr-2021,162,227,137,837670,,823766
21-Apr-2021,114,235,131,837784,,824001
22-Apr-2021,130,334,120,837914,,824335
23-Apr-2021,111,265,125,838025,,824600
24-Apr-2021,39,115,125,838064,,824715
25-Apr-2021,77,192,119,838141,,824907
26-Apr-2021,95,146,109,838236,,825053
27-Apr-2021,86,150,104,838322,,825203
28-Apr-2021,98,178,93,838420,,825381
29-Apr-2021,94,171,90,838514,,825552
30-Apr-2021,79,131,85,838593,,825683
01-May-2021,15,71,81,838608,,825754
02-May-2021,50,217,77,838658,,825971
03-May-2021,66,152,73,838724,,826123
04-May-2021,63,108,69,838787,,826231
05-May-2021,68,139,66,838855,,826370
06-May-2021,49,144,62,838904,,826514
07-May-2021,34,88,55,838938,,826602
08-May-2021,16,64,49,838954,,826666
09-May-2021,33,145,49,838987,,826811
10-May-2021,52,57,47,839039,,826868
11-May-2021,35,86,45,839074,,826954
12-May-2021,28,94,41,839102,,827048
13-May-2021,30,74,35,839132,,827122
14-May-2021,27,65,32,839159,,827187
15-May-2021,20,45,31,839179,,827232
16-May-2021,29,101,32,839208,,827333
17-May-2021,15,18,31,839223,,827351
18-May-2021,23,93,26,839246,,827444
19-May-2021,56,92,24,839302,,827536
20-May-2021,34,75,28,839336,,827611
21-May-2021,22,34,29,839358,,827645
22-May-2021,12,25,28,839370,,827670
23-May-2021,26,86,27,839396,,827756
24-May-2021,30,30,26,839426,,827786
25-May-2021,23,42,29,839449,,827828
26-May-2021,15,36,29,839464,,827864
27-May-2021,14,38,23,839478,,827902
28-May-2021,18,40,20,839496,,827942
29-May-2021,13,17,19,839509,,827959
30-May-2021,3,70,19,839512,,828029
31-May-2021,14,28,16,839526,,828057
01-Jun-2021,35,36,14,839561,,828093
02-Jun-2021,13,48,16,839574,,828141
03-Jun-2021,10,138,15,839584,,828279
04-Jun-2021,31,12,15,839615,,828291
05-Jun-2021,6,6,17,839621,,828297
06-Jun-2021,4,54,16,839625,,828351
07-Jun-2021,7,52,16,839632,,828403
08-Jun-2021,30,15,15,839662,,828418
09-Jun-2021,7,21,14,839669,,828439
10-Jun-2021,18,32,13,839687,,828471
11-Jun-2021,18,19,14,839705,,828490
12-Jun-2021,5,14,12,839710,,828504
13-Jun-2021,3,28,12,839713,,828532
14-Jun-2021,26,21,12,839739,,828553
15-Jun-2021,26,15,15,839765,,828568
16-Jun-2021,13,9,14,839778,,828577
17-Jun-2021,28,44,15,839806,,828621
18-Jun-2021,35,12,17,839841,,828633
19-Jun-2021,47,9,19,839888,,828642
20-Jun-2021,49,86,25,839937,,828728
21-Jun-2021,125,38,32,840062,,828766
22-Jun-2021,110,10,46,840172,,828776
23-Jun-2021,140,25,58,840312,,828801
24-Jun-2021,232,41,76,840544,,828842
25-Jun-2021,231,16,105,840775,,828858
26-Jun-2021,117,15,133,840892,,828873
27-Jun-2021,145,72,143,841037,,828945
28-Jun-2021,289,57,157,841326,,829002
29-Jun-2021,295,75,180,841621,הפעלת התו הירוק במתחמים מעל 100 איש בגל הרביעי,829077
30-Jun-2021,310,93,207,841931,,829170
01-Jul-2021,299,164,231,842230,,829334
02-Jul-2021,332,136,240,842562,,829470
03-Jul-2021,188,96,255,842750,,829566
04-Jul-2021,349,286,265,843099,,829852
05-Jul-2021,504,195,294,843603,,830047
06-Jul-2021,528,177,325,844131,,830224
07-Jul-2021,525,245,358,844656,,830469
08-Jul-2021,468,326,389,845124,,830795
09-Jul-2021,533,248,413,845657,,831043
10-Jul-2021,261,133,442,845918,,831176
11-Jul-2021,443,429,452,846361,,831605
12-Jul-2021,763,283,466,847124,,831888
13-Jul-2021,746,329,503,847870,,832217
14-Jul-2021,772,450,534,848642,,832667
15-Jul-2021,863,563,569,849505,,833230
16-Jul-2021,1135,473,625,850640,,833703
17-Jul-2021,435,202,711,851075,,833905
18-Jul-2021,838,646,736,851913,,834551
19-Jul-2021,1386,448,793,853299,,834999
20-Jul-2021,1413,383,882,854712,,835382
21-Jul-2021,1349,644,977,856061,,836026
22-Jul-2021,1287,783,1059,857348,,836809
23-Jul-2021,1442,697,1120,858790,,837506
24-Jul-2021,973,409,1164,859763,,837915
25-Jul-2021,1417,1307,1241,861180,,839222
26-Jul-2021,2135,835,1323,863315,,840057
27-Jul-2021,2290,899,1430,865605,,840956
28-Jul-2021,2192,1149,1556,867797,,842105
29-Jul-2021,2178,1362,1676,869975,,843467
30-Jul-2021,2444,1232,1803,872419,,844699
31-Jul-2021,2103,583,1947,874522,,845282
01-Aug-2021,2126,1912,2108,876648,תחילת חיסונים מנה 3,847194
02-Aug-2021,3862,1117,2209,880510,,848311
03-Aug-2021,3312,1254,2456,883822,,849565
04-Aug-2021,3510,1849,2602,887332,,851414
05-Aug-2021,3886,2264,2790,891218,,853678
06-Aug-2021,3891,1910,3034,895109,,855588
07-Aug-2021,2936,1011,3241,898045,,856599
08-Aug-2021,3447,3271,3360,901492,,859870
09-Aug-2021,6382,2004,3549,907874,,861874
10-Aug-2021,5859,2357,3909,913733,,864231
11-Aug-2021,6027,3265,4273,919760,,867496
12-Aug-2021,6154,3641,4632,925914,,871137
13-Aug-2021,5975,3253,4956,931889,,874390
14-Aug-2021,4233,1578,5254,936122,,875968
15-Aug-2021,5198,5080,5439,941320,,881048
16-Aug-2021,8800,3421,5689,950120,,884469
17-Aug-2021,7994,3329,6035,958114,,887798
18-Aug-2021,8037,5290,6340,966151,הרחבת הנחיות התו הירוק בגל הרביעי,893088
19-Aug-2021,7841,5871,6627,973992,,898959
20-Aug-2021,7907,5476,6868,981899,,904435
21-Aug-2021,5417,2726,7144,987316,,907161
22-Aug-2021,6593,8205,7313,993909,,915366
23-Aug-2021,10114,4999,7512,1004023,,920365
24-Aug-2021,10085,4891,7700,1014108,,925256
25-Aug-2021,9243,7721,7999,1023351,,932977
26-Aug-2021,9124,8589,8171,1032475,,941566
27-Aug-2021,8698,7914,8354,1041173,,949480
28-Aug-2021,7280,3938,8467,1048453,,953418
29-Aug-2021,6792,10685,8733,1055245,,964103
30-Aug-2021,11156,6891,8762,1066401,,970994
31-Aug-2021,10449,6366,8911,1076850,,977360
01-Sep-2021,11301,9316,8963,1088151,,986676
02-Sep-2021,11344,10538,9257,1099495,,997214
03-Sep-2021,9912,9311,9574,1109407,,1006525
04-Sep-2021,5067,5175,9747,1114474,,1011700
05-Sep-2021,5866,12391,9431,1120340,,1024091
06-Sep-2021,10871,9165,9299,1131211,,1033256
07-Sep-2021,6867,4919,9258,1138078,,1038175
08-Sep-2021,3320,5854,8746,1141398,,1044029
09-Sep-2021,7958,13167,7606,1149356,,1057196
10-Sep-2021,9901,11433,7123,1159257,,1068629
11-Sep-2021,10292,5790,7121,1169549,,1074419
12-Sep-2021,7808,12740,7867,1177357,,1087159
13-Sep-2021,10952,7690,8145,1188309,,1094849
14-Sep-2021,9858,6836,8156,1198167,,1101685
15-Sep-2021,8862,10038,8584,1207029,,1111723
16-Sep-2021,3285,3822,9375,1210314,,1115545
17-Sep-2021,5024,6885,8708,1215338,,1122430
18-Sep-2021,8616,3751,8011,1223954,,1126181
19-Sep-2021,6552,15934,7772,1230506,,1142115
20-Sep-2021,8826,10737,7592,1239332,,1152852
21-Sep-2021,4830,4131,7289,1244162,,1156983
22-Sep-2021,6027,11592,6570,1250189,,1168575
23-Sep-2021,6454,9744,6165,1256643,,1178319
24-Sep-2021,4990,7797,6618,1261633,,1186116
25-Sep-2021,2653,3166,6613,1264286,,1189282
26-Sep-2021,3874,5364,5761,1268160,,1194646
27-Sep-2021,5246,8965,5379,1273406,,1203611
28-Sep-2021,2442,5205,4867,1275848,,1208816
29-Sep-2021,3633,9564,4526,1279481,,1218380
30-Sep-2021,4398,6804,4184,1283879,,1225184
01-Oct-2021,3623,4969,3890,1287502,,1230153
02-Oct-2021,1739,3660,3695,1289241,,1233813
03-Oct-2021,2702,7693,3565,1291943,הנחיות חדשות בתו הירוק,1241506
04-Oct-2021,3276,4487,3397,1295219,,1245993
05-Oct-2021,2555,4090,3116,1297774,,1250083
06-Oct-2021,2425,4664,3132,1300199,,1254747
07-Oct-2021,2120,3951,2959,1302319,,1258698
08-Oct-2021,2023,3139,2634,1304342,,1261837
09-Oct-2021,1040,3011,2405,1305382,,1264848
10-Oct-2021,1493,5205,2305,1306875,,1270053
11-Oct-2021,2343,2695,2133,1309218,,1272748
12-Oct-2021,1816,2951,1999,1311034,,1275699
13-Oct-2021,1772,3232,1894,1312806,,1278931
14-Oct-2021,1346,3152,1801,1314152,,1282083
15-Oct-2021,1575,2206,1690,1315727,,1284289
16-Oct-2021,740,1205,1626,1316467,,1285494
17-Oct-2021,1222,3023,1583,1317689,,1288517
18-Oct-2021,1508,1844,1544,1319197,,1290361
19-Oct-2021,1150,1756,1425,1320347,,1292117
20-Oct-2021,1035,2311,1330,1321382,,1294428
21-Oct-2021,993,2344,1225,1322375,,1296772
22-Oct-2021,982,1750,1174,1323357,,1298522
23-Oct-2021,332,959,1090,1323689,,1299481
24-Oct-2021,842,2265,1031,1324531,,1301746
25-Oct-2021,929,1362,977,1325460,,1303108
26-Oct-2021,729,1378,894,1326189,,1304486
27-Oct-2021,647,1527,834,1326836,,1306013
28-Oct-2021,662,1375,779,1327498,,1307388
29-Oct-2021,618,1185,731,1328116,,1308573
30-Oct-2021,226,652,679,1328342,,1309225
31-Oct-2021,529,1406,664,1328871,,1310631
01-Nov-2021,691,821,620,1329562,היתר כניסת תיירים לישראל על פי מתווה,1311452
02-Nov-2021,666,878,586,1330228,,1312330
03-Nov-2021,616,985,577,1330844,,1313315
04-Nov-2021,518,1009,572,1331362,,1314324
05-Nov-2021,558,675,552,1331920,,1314999
06-Nov-2021,199,441,543,1332119,,1315440
07-Nov-2021,501,896,539,1332620,,1316336
08-Nov-2021,566,512,535,1333186,,1316848
09-Nov-2021,473,532,517,1333659,,1317380
10-Nov-2021,498,732,490,1334157,,1318112
11-Nov-2021,393,707,473,1334550,,1318819
12-Nov-2021,448,625,455,1334998,,1319444
13-Nov-2021,226,372,439,1335224,,1319816
14-Nov-2021,397,701,443,1335621,,1320517
15-Nov-2021,535,460,428,1336156,,1320977
16-Nov-2021,558,517,424,1336714,,1321494
17-Nov-2021,483,557,436,1337197,,1322051
18-Nov-2021,469,620,434,1337666,,1322671
19-Nov-2021,508,390,445,1338174,,1323061
20-Nov-2021,237,302,453,1338411,,1323363
21-Nov-2021,452,688,455,1338863,,1324051
22-Nov-2021,716,320,463,1339579,תחילת מבצע חיסונים לילדים בני 5-11,1324371
23-Nov-2021,606,345,489,1340185,,1324716
24-Nov-2021,543,517,495,1340728,,1325233
25-Nov-2021,538,574,504,1341266,,1325807
26-Nov-2021,540,408,514,1341806,,1326215
27-Nov-2021,169,317,518,1341975,,1326532
28-Nov-2021,543,785,509,1342518,,1327317
29-Nov-2021,698,462,522,1343216,,1327779
30-Nov-2021,577,557,519,1343793,,1328336
01-Dec-2021,563,648,515,1344356,,1328984
02-Dec-2021,518,661,518,1344874,,1329645
03-Dec-2021,486,532,515,1345360,,1330177
04-Dec-2021,248,323,507,1345608,,1330500
05-Dec-2021,539,736,519,1346147,,1331236
06-Dec-2021,739,460,518,1346886,,1331696
07-Dec-2021,813,515,524,1347699,,1332211
08-Dec-2021,715,644,558,1348414,,1332855
09-Dec-2021,646,691,579,1349060,,1333546
10-Dec-2021,607,561,598,1349667,,1334107
11-Dec-2021,236,550,615,1349903,,1334657
12-Dec-2021,492,717,613,1350395,,1335374
13-Dec-2021,771,429,606,1351166,,1335803
14-Dec-2021,701,467,611,1351867,,1336270
15-Dec-2021,789,673,595,1352656,,1336943
16-Dec-2021,863,850,606,1353519,,1337793
17-Dec-2021,877,704,637,1354396,,1338497
18-Dec-2021,392,430,675,1354788,,1338927
19-Dec-2021,1021,755,697,1355809,,1339682
20-Dec-2021,1329,510,773,1357138,,1340192
21-Dec-2021,1200,451,853,1358338,,1340643
22-Dec-2021,1418,643,924,1359756,,1341286
23-Dec-2021,1515,679,1014,1361271,,1341965
24-Dec-2021,1790,671,1107,1363061,,1342636
25-Dec-2021,807,466,1237,1363868,,1343102
26-Dec-2021,1806,918,1297,1365674,,1344020
27-Dec-2021,2976,775,1409,1368650,,1344795
28-Dec-2021,3248,1229,1644,1371898,,1346024
29-Dec-2021,4074,1226,1937,1375972,,1347250
30-Dec-2021,5081,1349,2316,1381053,,1348599
31-Dec-2021,5489,1176,2826,1386542,,1349775
01-Jan-2022,4231,1060,3354,1390773,,1350835
02-Jan-2022,6619,1903,3843,1397392,,1352738
03-Jan-2022,10904,1474,4531,1408296,,1354212
04-Jan-2022,11978,1819,5663,1420274,,1356031
05-Jan-2022,3015,957,6910,1423289,,1356988
