date,amount,recovered,avg,sum,coronaEvents,recovered_cum,recoveredAvg
12-Feb-2020,0,0,,7,,101,
13-Feb-2020,0,0,0,7,,101,0
14-Feb-2020,0,0,0,7,,101,0
15-Feb-2020,0,0,0,7,,101,0
16-Feb-2020,0,0,0,7,,101,0
17-Feb-2020,0,0,0,7,,101,0
18-Feb-2020,0,0,0,7,,101,0
19-Feb-2020,0,0,0,7,,101,0
20-Feb-2020,0,1,0,7,,102,0
21-Feb-2020,1,0,0,8,,102,0
22-Feb-2020,0,0,0,8,,102,0
23-Feb-2020,0,0,0,8,,102,0
24-Feb-2020,1,0,0,9,,102,0
25-Feb-2020,0,0,0,9,,102,0
26-Feb-2020,0,0,0,9,,102,0
27-Feb-2020,1,0,0,10,,102,0
28-Feb-2020,3,0,0,13,,102,0
29-Feb-2020,0,0,0,13,,102,0
01-Mar-2020,1,0,0,14,,102,0
02-Mar-2020,5,0,0,19,,102,0
03-Mar-2020,3,0,1,22,,102,0
04-Mar-2020,0,0,1,22,,102,0
05-Mar-2020,9,0,1,31,,102,0
06-Mar-2020,4,0,3,35,,102,0
07-Mar-2020,4,0,3,39,,102,0
08-Mar-2020,9,0,3,48,,102,0
09-Mar-2020,4,0,4,52,,102,0
10-Mar-2020,33,0,4,85,,102,0
11-Mar-2020,19,0,9,104,,102,0
12-Mar-2020,22,0,11,126,,102,0
13-Mar-2020,35,1,13,161,,103,0
14-Mar-2020,29,0,18,190,סגר ראשון ,103,0
15-Mar-2020,40,0,21,230,,103,0
16-Mar-2020,73,0,26,303,,103,0
17-Mar-2020,94,2,35,397,,105,0
18-Mar-2020,125,2,44,522,,107,0
19-Mar-2020,136,4,59,658,,111,0
20-Mar-2020,168,1,76,826,,112,1
21-Mar-2020,209,0,95,1035,,112,1
22-Mar-2020,252,5,120,1287,,117,1
23-Mar-2020,350,6,151,1637,,123,2
24-Mar-2020,420,5,190,2057,,128,2
25-Mar-2020,423,6,237,2480,,134,3
26-Mar-2020,519,9,279,2999,,143,3
27-Mar-2020,432,18,334,3431,,161,4
28-Mar-2020,476,9,372,3907,,170,7
29-Mar-2020,528,14,410,4435,,184,8
30-Mar-2020,551,33,449,4986,,217,9
31-Mar-2020,737,43,478,5723,,260,13
01-Apr-2020,694,32,523,6417,,292,18
02-Apr-2020,724,79,562,7141,,371,22
03-Apr-2020,600,54,591,7741,,425,32
04-Apr-2020,428,52,615,8169,,477,37
05-Apr-2020,584,101,608,8753,,578,43
06-Apr-2020,449,118,616,9202,,696,56
07-Apr-2020,376,120,602,9578,,816,68
08-Apr-2020,340,106,550,9918,,922,79
09-Apr-2020,340,110,500,10258,,1032,90
10-Apr-2020,355,124,445,10613,,1156,94
11-Apr-2020,342,120,410,10955,,1276,104
12-Apr-2020,551,258,398,11506,,1534,114
13-Apr-2020,437,278,393,11943,,1812,136
14-Apr-2020,394,286,391,12337,,2098,159
15-Apr-2020,305,276,394,12642,,2374,183
16-Apr-2020,296,328,389,12938,,2702,207
17-Apr-2020,297,356,382,13235,,3058,238
18-Apr-2020,288,249,374,13523,,3307,271
19-Apr-2020,274,380,366,13797,פתיחת משק חלקית לאחר סגר ראשון,3687,290
20-Apr-2020,297,448,327,14094,,4135,307
21-Apr-2020,279,371,307,14373,,4506,331
22-Apr-2020,226,391,290,14599,,4897,344
23-Apr-2020,275,328,279,14874,,5225,360
24-Apr-2020,249,337,276,15123,,5562,360
25-Apr-2020,159,375,269,15282,,5937,357
26-Apr-2020,82,431,251,15364,,6368,375
27-Apr-2020,127,467,223,15491,,6835,383
28-Apr-2020,161,564,199,15652,,7399,385
29-Apr-2020,82,350,182,15734,,7749,413
30-Apr-2020,143,426,162,15877,,8175,407
01-May-2020,116,423,143,15993,,8598,421
02-May-2020,57,278,124,16050,,8876,433
03-May-2020,27,286,109,16077,,9162,419
04-May-2020,55,257,101,16132,,9419,399
05-May-2020,33,318,91,16165,,9737,369
06-May-2020,65,261,73,16230,,9998,334
07-May-2020,61,225,70,16291,,10223,321
08-May-2020,33,222,59,16324,,10445,292
09-May-2020,20,91,47,16344,,10536,263
10-May-2020,29,168,42,16373,,10704,237
11-May-2020,39,327,42,16412,,11031,220
12-May-2020,23,258,40,16435,,11289,230
13-May-2020,39,177,38,16474,,11466,221
14-May-2020,22,240,34,16496,,11706,209
15-May-2020,12,160,29,16508,,11866,211
16-May-2020,5,102,26,16513,,11968,203
17-May-2020,15,150,24,16528,,12118,204
18-May-2020,27,274,22,16555,,12392,202
19-May-2020,22,152,20,16577,,12544,194
20-May-2020,15,109,20,16592,,12653,179
21-May-2020,18,122,16,16610,,12775,169
22-May-2020,19,162,16,16629,,12937,152
23-May-2020,5,44,17,16634,,12981,153
24-May-2020,13,115,17,16647,,13096,144
25-May-2020,22,132,17,16669,,13228,139
26-May-2020,50,91,16,16719,,13319,119
27-May-2020,40,60,20,16759,פתיחת משק מלאה לאחר סגר ראשון,13379,110
28-May-2020,77,113,23,16836,,13492,103
29-May-2020,113,39,32,16949,,13531,102
30-May-2020,29,41,45,16978,,13572,84
31-May-2020,87,61,49,17065,,13633,84
01-Jun-2020,100,67,59,17165,,13700,76
02-Jun-2020,121,53,70,17286,,13753,67
03-Jun-2020,96,27,81,17382,,13780,62
04-Jun-2020,142,42,89,17524,,13822,57
05-Jun-2020,127,37,98,17651,,13859,47
06-Jun-2020,78,24,100,17729,,13883,46
07-Jun-2020,140,42,107,17869,,13925,44
08-Jun-2020,179,39,114,18048,,13964,41
09-Jun-2020,174,46,126,18222,,14010,37
10-Jun-2020,241,52,133,18463,,14062,36
11-Jun-2020,192,55,154,18655,,14117,40
12-Jun-2020,184,53,161,18839,,14170,42
13-Jun-2020,149,41,169,18988,,14211,44
14-Jun-2020,137,50,179,19125,,14261,46
15-Jun-2020,200,88,179,19325,,14349,48
16-Jun-2020,298,51,182,19623,,14400,55
17-Jun-2020,269,48,200,19892,,14448,55
18-Jun-2020,303,50,204,20195,,14498,55
19-Jun-2020,311,57,220,20506,,14555,54
20-Jun-2020,161,37,238,20667,,14592,55
21-Jun-2020,174,49,239,20841,,14641,54
22-Jun-2020,344,60,245,21185,,14701,54
23-Jun-2020,452,84,265,21637,,14785,50
24-Jun-2020,486,72,287,22123,,14857,55
25-Jun-2020,516,76,318,22639,,14933,58
26-Jun-2020,464,130,349,23103,,15063,62
27-Jun-2020,397,50,371,23500,,15113,72
28-Jun-2020,383,139,404,23883,,15252,74
29-Jun-2020,759,166,434,24642,,15418,87
30-Jun-2020,789,127,493,25431,,15545,102
01-Jul-2020,968,99,542,26399,,15644,108
02-Jul-2020,1154,124,610,27553,,15768,112
03-Jul-2020,941,119,702,28494,,15887,119
04-Jul-2020,821,76,770,29315,,15963,117
05-Jul-2020,825,143,830,30140,,16106,121
06-Jul-2020,1128,195,893,31268,,16301,122
07-Jul-2020,1384,174,946,32652,,16475,126
08-Jul-2020,1329,226,1031,33981,,16701,132
09-Jul-2020,1521,225,1083,35502,,16926,151
10-Jul-2020,1407,212,1135,36909,,17138,165
11-Jul-2020,1169,191,1202,38078,,17329,178
12-Jul-2020,1236,336,1251,39314,,17665,195
13-Jul-2020,1717,362,1310,41031,,18027,222
14-Jul-2020,1601,314,1394,42632,,18341,246
15-Jul-2020,1873,361,1425,44505,,18702,266
16-Jul-2020,1936,508,1503,46441,,19210,285
17-Jul-2020,1601,481,1562,48042,,19691,326
18-Jul-2020,1445,447,1590,49487,,20138,364
19-Jul-2020,1016,517,1629,50503,,20655,401
20-Jul-2020,1887,626,1598,52390,,21281,427
21-Jul-2020,2004,641,1622,54394,,21922,464
22-Jul-2020,2041,3713,1680,56435,,25635,511
23-Jul-2020,1988,6716,1704,58423,,32351,990
24-Jul-2020,1824,1590,1711,60247,,33941,1877
25-Jul-2020,1110,588,1743,61357,,34529,2035
26-Jul-2020,1040,2730,1695,62397,,37259,2055
27-Jul-2020,2048,1758,1699,64445,,39017,2372
28-Jul-2020,2120,1550,1722,66565,,40567,2533
29-Jul-2020,1957,1394,1738,68522,,41961,2663
30-Jul-2020,1786,1679,1726,70308,,43640,2332
31-Jul-2020,1359,1295,1697,71667,,44935,1612
01-Aug-2020,623,535,1631,72290,,45470,1570
02-Aug-2020,708,2431,1561,72998,,47901,1563
03-Aug-2020,1799,1783,1514,74797,,49684,1520
04-Aug-2020,1726,1645,1478,76523,,51329,1523
05-Aug-2020,1686,1477,1422,78209,,52806,1537
06-Aug-2020,1675,1743,1383,79884,,54549,1549
07-Aug-2020,1761,1209,1368,81645,,55758,1558
08-Aug-2020,755,605,1425,82400,,56363,1546
09-Aug-2020,922,2329,1444,83322,,58692,1556
10-Aug-2020,1697,1394,1474,85019,,60086,1541
11-Aug-2020,1823,984,1460,86842,,61070,1486
12-Aug-2020,1617,1133,1474,88459,,62203,1391
13-Aug-2020,1641,1305,1464,90100,,63508,1342
14-Aug-2020,1389,986,1459,91489,,64494,1279
15-Aug-2020,754,567,1406,92243,,65061,1248
16-Aug-2020,1069,2218,1406,93312,,67279,1242
17-Aug-2020,1650,1189,1427,94962,,68468,1226
18-Aug-2020,1648,1114,1420,96610,,69582,1197
19-Aug-2020,1639,1476,1395,98249,,71058,1216
20-Aug-2020,1485,1429,1398,99734,,72487,1265
21-Aug-2020,1491,1037,1376,101225,,73524,1282
22-Aug-2020,710,663,1390,101935,,74187,1290
23-Aug-2020,964,2115,1384,102899,,76302,1303
24-Aug-2020,1901,1398,1369,104800,,77700,1289
25-Aug-2020,1958,795,1405,106758,,78495,1318
26-Aug-2020,1984,3637,1449,108742,,82132,1273
27-Aug-2020,2106,1511,1499,110848,,83643,1582
28-Aug-2020,1833,1831,1587,112681,,85474,1593
29-Aug-2020,909,707,1636,113590,,86181,1707
30-Aug-2020,1100,2257,1665,114690,,88438,1713
31-Aug-2020,2171,1466,1684,116861,,89904,1733
01-Sep-2020,2255,1008,1723,119116,,90912,1743
02-Sep-2020,3194,1398,1765,122310,,92310,1773
03-Sep-2020,2664,1797,1938,124974,,94107,1454
04-Sep-2020,2623,1191,2018,127597,,95298,1494
05-Sep-2020,1504,883,2130,129101,,96181,1403
06-Sep-2020,2175,2396,2215,131276,,98577,1428
07-Sep-2020,3386,1594,2369,134662,,100171,1448
08-Sep-2020,3487,1428,2543,138149,,101599,1466
09-Sep-2020,3992,1462,2719,142141,,103061,1526
10-Sep-2020,4158,1975,2833,146299,,105036,1535
11-Sep-2020,3971,1772,3046,150270,,106808,1561
12-Sep-2020,2716,1261,3239,152986,,108069,1644
13-Sep-2020,3171,3267,3412,156157,,111336,1698
14-Sep-2020,4804,2397,3554,160961,,113733,1822
15-Sep-2020,5528,2265,3757,166489,,115998,1937
16-Sep-2020,4568,2789,4048,171057,,118787,2057
17-Sep-2020,5378,3712,4130,176435,,122499,2246
18-Sep-2020,5333,2839,4305,181768,סגר שני,125338,2494
19-Sep-2020,3809,1438,4499,185577,,126776,2647
20-Sep-2020,2576,2473,4655,188153,,129249,2672
21-Sep-2020,3869,4650,4570,192022,,133899,2559
22-Sep-2020,7018,3503,4437,199040,,137402,2880
23-Sep-2020,7142,3810,4650,206182,,141212,3057
24-Sep-2020,8259,4581,5017,214441,,145793,3203
25-Sep-2020,8387,4131,5429,222828,,149924,3327
26-Sep-2020,5880,2392,5865,228708,,152316,3512
27-Sep-2020,3436,5681,6161,232144,,157997,3648
28-Sep-2020,1154,2166,6284,233298,,160163,4106
29-Sep-2020,4989,5776,5896,238287,,165939,3752
30-Sep-2020,9049,5132,5606,247336,,171071,4076
01-Oct-2020,7721,5753,5879,255057,,176824,4265
02-Oct-2020,7055,5579,5802,262112,,182403,4433
03-Oct-2020,2595,3489,5612,264707,,185892,4639
04-Oct-2020,2936,8106,5142,267643,,193998,4796
05-Oct-2020,5710,6959,5071,273353,,200957,5143
06-Oct-2020,4718,6414,5722,278071,,207371,5827
07-Oct-2020,4154,4895,5683,282225,,212266,5918
08-Oct-2020,3752,4797,4984,285977,,217063,5885
09-Oct-2020,2954,5088,4417,288931,,222151,5748
10-Oct-2020,916,3782,3831,289847,,225933,5678
11-Oct-2020,1638,7548,3591,291485,,233481,5720
12-Oct-2020,3154,5505,3406,294639,,238986,5640
13-Oct-2020,2335,5710,3040,296974,,244696,5432
14-Oct-2020,2118,5828,2700,299092,,250524,5332
15-Oct-2020,1610,5409,2409,300702,,255933,5465
16-Oct-2020,1496,3475,2103,302198,,259408,5552
17-Oct-2020,410,2502,1895,302608,,261910,5322
18-Oct-2020,923,4894,1823,303531,פתיחת סגר שני,266804,5139
19-Oct-2020,1516,2327,1720,305047,,269131,4760
20-Oct-2020,1192,1790,1486,306239,,270921,4306
21-Oct-2020,1170,3119,1323,307409,,274040,3746
22-Oct-2020,1031,3108,1188,308440,,277148,3359
23-Oct-2020,848,2426,1105,309288,,279574,3030
24-Oct-2020,247,1298,1012,309535,,280872,2880
25-Oct-2020,604,2666,989,310139,,283538,2708
26-Oct-2020,884,1284,944,311023,,284822,2390
27-Oct-2020,885,957,853,311908,,285779,2241
28-Oct-2020,724,1290,809,312632,,287069,2122
29-Oct-2020,647,1439,746,313279,,288508,1861
30-Oct-2020,681,1057,691,313960,,289565,1622
31-Oct-2020,228,796,667,314188,,290361,1427
01-Nov-2020,657,1509,664,314845,,291870,1355
02-Nov-2020,792,910,672,315637,,292780,1190
03-Nov-2020,843,724,659,316480,,293504,1136
04-Nov-2020,769,630,653,317249,,294134,1103
05-Nov-2020,568,843,659,317817,,294977,1009
06-Nov-2020,689,887,648,318506,,295864,924
07-Nov-2020,212,681,649,318718,הקלות סגר שני – פתיחת חנויות רחוב,296545,899
08-Nov-2020,535,679,647,319253,,297224,883
09-Nov-2020,723,920,629,319976,,298144,764
10-Nov-2020,674,336,619,320650,,298480,766
11-Nov-2020,768,1080,595,321418,,299560,710
12-Nov-2020,837,1202,595,322255,,300762,775
13-Nov-2020,761,732,634,323016,,301494,826
14-Nov-2020,292,419,644,323308,,301913,804
15-Nov-2020,627,963,655,323935,,302876,766
16-Nov-2020,874,655,668,324809,,303531,807
17-Nov-2020,830,576,690,325639,,304107,769
18-Nov-2020,797,791,712,326436,,304898,803
19-Nov-2020,771,752,716,327207,,305650,762
20-Nov-2020,772,668,707,327979,,306318,698
21-Nov-2020,423,448,709,328402,,306766,689
22-Nov-2020,763,998,727,329165,,307764,693
23-Nov-2020,961,652,747,330126,,308416,698
24-Nov-2020,859,543,759,330985,,308959,697
25-Nov-2020,1082,841,763,332067,,309800,693
26-Nov-2020,1086,923,804,333153,,310723,700
27-Nov-2020,1033,682,849,334186,הקלות סגר שני – פיילוט קניונים,311405,724
28-Nov-2020,583,413,886,334769,,311818,726
29-Nov-2020,1026,1101,909,335795,,312919,721
30-Nov-2020,1257,729,947,337052,,313648,736
01-Dec-2020,1200,697,989,338252,,314345,747
02-Dec-2020,1589,837,1038,339841,,315182,769
03-Dec-2020,1450,1422,1110,341291,,316604,768
04-Dec-2020,1515,860,1162,342806,,317464,840
05-Dec-2020,1000,590,1231,343806,,318054,865
06-Dec-2020,1359,1390,1291,345165,,319444,890
07-Dec-2020,1864,907,1338,347029,,320351,932
08-Dec-2020,1771,892,1425,348800,,321243,957
09-Dec-2020,1868,1022,1506,350668,,322265,985
10-Dec-2020,2009,1431,1546,352677,,323696,1011
11-Dec-2020,1835,1143,1626,354512,,324839,1013
12-Dec-2020,1297,916,1672,355809,,325755,1053
13-Dec-2020,1727,1896,1714,357536,,327651,1100
14-Dec-2020,2322,1264,1767,359858,,328915,1172
15-Dec-2020,2894,1200,1832,362752,,330115,1223
16-Dec-2020,2860,1618,1993,365612,,331733,1267
17-Dec-2020,2848,1948,2134,368460,,333681,1352
18-Dec-2020,2793,1548,2254,371253,,335229,1426
19-Dec-2020,1889,1080,2391,373142,,336309,1484
20-Dec-2020,3096,2555,2476,376238,תחילת חיסונים מנה 1,338864,1507
21-Dec-2020,3861,1553,2671,380099,,340417,1601
22-Dec-2020,4380,1622,2891,384479,,342039,1643
23-Dec-2020,4043,2017,3103,388522,,344056,1703
24-Dec-2020,4048,2861,3272,392570,,346917,1760
25-Dec-2020,4005,2392,3444,396575,,349309,1890
26-Dec-2020,2660,1800,3617,399235,,351109,2011
27-Dec-2020,3534,4193,3727,402769,סגר שלישי,355302,2114
28-Dec-2020,5525,2471,3790,408294,,357773,2348
29-Dec-2020,5633,2380,4027,413927,,360153,2479
30-Dec-2020,5871,3719,4206,419798,,363872,2587
31-Dec-2020,5869,4250,4468,425667,,368122,2830
01-Jan-2021,6014,3445,4728,431681,,371567,3029
02-Jan-2021,4212,2034,5015,435893,,373601,3179
03-Jan-2021,5233,5554,5236,441126,,379155,3213
04-Jan-2021,8424,3077,5479,449550,,382232,3407
05-Jan-2021,8233,2949,5893,457783,,385181,3494
06-Jan-2021,7884,4769,6265,465667,,389950,3575
07-Jan-2021,7664,5845,6552,473331,,395795,3725
08-Jan-2021,8162,4828,6809,481493,הידוק סגר שלישי,400623,3953
09-Jan-2021,5165,3072,7116,486658,,403695,4150
10-Jan-2021,6955,8335,7252,493613,תחילת חיסונים מנה 2,412030,4299
11-Jan-2021,9730,4833,7498,503343,,416863,4696
12-Jan-2021,9299,4560,7684,512642,,421423,4947
13-Jan-2021,9474,8002,7837,522116,,429425,5177
14-Jan-2021,9301,9172,8064,531417,,438597,5639
15-Jan-2021,8431,7985,8298,539848,,446582,6114
16-Jan-2021,5086,4267,8336,544934,,450849,6565
17-Jan-2021,5661,10882,8325,550595,,461731,6736
18-Jan-2021,10122,6159,8140,560717,,467890,7100
19-Jan-2021,8634,5497,8196,569351,,473387,7289
20-Jan-2021,8363,8755,8101,577714,,482142,7423
21-Jan-2021,7272,9961,7942,584986,,492103,7531
22-Jan-2021,7387,8448,7652,592373,,500551,7643
23-Jan-2021,2447,4171,7503,594820,,504722,7709
24-Jan-2021,4940,10523,7126,599760,,515245,7696
25-Jan-2021,8720,5614,7023,608480,,520859,7644
26-Jan-2021,7819,5086,6823,616299,,525945,7567
27-Jan-2021,7749,8658,6706,624048,,534603,7508
28-Jan-2021,7197,9199,6619,631245,,543802,7494
29-Jan-2021,6776,7534,6608,638021,,551336,7385
30-Jan-2021,2628,3537,6521,640649,,554873,7255
31-Jan-2021,5240,10087,6547,645889,,564960,7164
01-Feb-2021,8930,5116,6589,654819,,570076,7102
02-Feb-2021,8025,4400,6619,662844,,574476,7031
03-Feb-2021,7462,8176,6649,670306,,582652,6933
04-Feb-2021,7264,8129,6608,677570,,590781,6864
05-Feb-2021,6601,7241,6617,684171,,598022,6711
06-Feb-2021,2660,3048,6592,686831,,601070,6669
07-Feb-2021,4605,9702,6597,691436,פתיחת סגר שלשי ,610772,6599
08-Feb-2021,7857,4980,6506,699293,,615752,6544
09-Feb-2021,6167,4912,6353,705460,,620664,6525
10-Feb-2021,5677,8232,6088,711137,,628896,6598
11-Feb-2021,5044,8726,5833,716181,,637622,6606
12-Feb-2021,4674,7207,5515,720855,,644829,6691
13-Feb-2021,1890,3389,5240,722745,,648218,6686
14-Feb-2021,3489,9596,5130,726234,,657814,6735
15-Feb-2021,5199,4860,4971,731433,,662674,6720
16-Feb-2021,4582,3735,4591,736015,,666409,6703
17-Feb-2021,4169,6501,4365,740184,,672910,6535
18-Feb-2021,3337,7463,4149,743521,,680373,6287
19-Feb-2021,3794,5893,3905,747315,,686266,6107
20-Feb-2021,1255,3376,3780,748570,,689642,5919
21-Feb-2021,3112,7380,3689,751682,פתיחה חלקית של המשק לאחר סגר שלישי,697022,5917
22-Feb-2021,4811,3649,3635,756493,,700671,5601
23-Feb-2021,4443,3160,3580,760936,,703831,5428
24-Feb-2021,4375,5350,3560,765311,,709181,5346
25-Feb-2021,3820,4990,3589,769131,,714171,5181
26-Feb-2021,3820,3737,3658,772951,,717908,4828
27-Feb-2021,1443,1561,3662,774394,,719469,4520
28-Feb-2021,3058,5642,3689,777452,,725111,4261
01-Mar-2021,4866,2730,3681,782318,,727841,4012
02-Mar-2021,4387,2919,3689,786705,,730760,3881
03-Mar-2021,4670,4581,3681,791375,,735341,3847
04-Mar-2021,3658,4768,3723,795033,,740109,3737
05-Mar-2021,3708,3966,3700,798741,,744075,3705
06-Mar-2021,1876,1913,3684,800617,,745988,3738
07-Mar-2021,2363,5688,3746,802980,פתיחת משק מלאה לאחר סגר שלישי,751676,3788
08-Mar-2021,3796,2669,3646,806776,,754345,3795
09-Mar-2021,3128,2918,3494,809904,,757263,3786
10-Mar-2021,2842,4570,3314,812746,,761833,3786
11-Mar-2021,2553,4970,3053,815299,,766803,3784
12-Mar-2021,2413,3886,2895,817712,,770689,3813
13-Mar-2021,787,2017,2710,818499,,772706,3802
14-Mar-2021,1405,5793,2554,819904,,778499,3816
15-Mar-2021,2129,2642,2417,822033,,781141,3831
16-Mar-2021,1566,2235,2179,823599,,783376,3828
17-Mar-2021,1539,3614,1956,825138,,786990,3730
18-Mar-2021,1251,3586,1770,826389,,790576,3593
19-Mar-2021,1085,2542,1584,827474,,793118,3396
20-Mar-2021,351,1455,1394,827825,,794573,3204
21-Mar-2021,681,3481,1332,828506,,798054,3123
22-Mar-2021,982,1681,1228,829488,,799735,2793
23-Mar-2021,694,736,1065,830182,,800471,2656
24-Mar-2021,477,2246,940,830659,,802717,2442
25-Mar-2021,868,2093,788,831527,,804810,2246
26-Mar-2021,530,1492,734,832057,,806302,2033
27-Mar-2021,236,857,654,832293,,807159,1883
28-Mar-2021,130,878,638,832423,,808037,1798
29-Mar-2021,372,1468,559,832795,,809505,1426
30-Mar-2021,448,817,472,833243,,810322,1395
31-Mar-2021,498,1079,437,833741,,811401,1407
01-Apr-2021,335,1063,440,834076,,812464,1240
02-Apr-2021,419,636,364,834495,,813100,1093
03-Apr-2021,124,462,348,834619,,813562,971
04-Apr-2021,197,1058,332,834816,,814620,914
05-Apr-2021,383,509,341,835199,,815129,940
06-Apr-2021,307,492,343,835506,,815621,803
07-Apr-2021,275,426,323,835781,,816047,757
08-Apr-2021,212,638,291,835993,,816685,663
09-Apr-2021,226,577,273,836219,,817262,603
10-Apr-2021,86,387,246,836305,,817649,594
11-Apr-2021,141,778,240,836446,,818427,583
12-Apr-2021,224,359,232,836670,,818786,543
13-Apr-2021,198,379,210,836868,,819165,522
14-Apr-2021,195,484,194,837063,,819649,506
15-Apr-2021,95,261,183,837158,,819910,514
16-Apr-2021,111,366,166,837269,,820276,460
17-Apr-2021,83,211,150,837352,,820487,430
18-Apr-2021,171,546,149,837523,פתיחת לימודים ללא קפסולות,821033,405
19-Apr-2021,142,202,153,837665,,821235,372
20-Apr-2021,170,226,142,837835,,821461,349
21-Apr-2021,115,234,138,837950,,821695,328
22-Apr-2021,138,334,126,838088,,822029,292
23-Apr-2021,111,266,132,838199,,822295,302
24-Apr-2021,39,114,132,838238,,822409,288
25-Apr-2021,79,191,126,838317,,822600,274
26-Apr-2021,99,146,113,838416,,822746,223
27-Apr-2021,96,149,107,838512,,822895,215
28-Apr-2021,106,177,96,838618,,823072,204
29-Apr-2021,97,171,95,838715,,823243,196
30-Apr-2021,79,130,89,838794,,823373,173
01-May-2021,15,71,85,838809,,823444,154
02-May-2021,53,217,81,838862,,823661,147
03-May-2021,76,152,77,838938,,823813,151
04-May-2021,64,108,74,839002,,823921,152
05-May-2021,72,139,70,839074,,824060,146
06-May-2021,54,144,65,839128,,824204,141
07-May-2021,34,88,59,839162,,824292,137
08-May-2021,16,64,52,839178,,824356,131
09-May-2021,33,145,52,839211,,824501,130
10-May-2021,55,57,49,839266,,824558,120
11-May-2021,38,85,46,839304,,824643,106
12-May-2021,28,94,43,839332,,824737,103
13-May-2021,33,75,36,839365,,824812,96
14-May-2021,27,64,33,839392,,824876,86
15-May-2021,20,45,32,839412,,824921,83
16-May-2021,31,100,33,839443,,825021,80
17-May-2021,15,18,33,839458,,825039,74
18-May-2021,23,92,27,839481,,825131,68
19-May-2021,56,92,25,839537,,825223,69
20-May-2021,35,75,29,839572,,825298,69
21-May-2021,22,34,29,839594,,825332,69
22-May-2021,12,25,28,839606,,825357,65
23-May-2021,26,86,27,839632,,825443,62
24-May-2021,30,30,27,839662,,825473,60
25-May-2021,22,42,29,839684,,825515,62
26-May-2021,16,36,29,839700,,825551,54
27-May-2021,15,38,23,839715,,825589,46
28-May-2021,18,40,20,839733,,825629,41
29-May-2021,13,17,19,839746,,825646,42
30-May-2021,3,70,20,839749,,825716,41
31-May-2021,14,28,16,839763,,825744,39
01-Jun-2021,35,36,14,839798,,825780,38
02-Jun-2021,13,48,16,839811,,825828,37
03-Jun-2021,10,137,15,839821,,825965,39
04-Jun-2021,31,12,15,839852,,825977,53
05-Jun-2021,6,6,17,839858,,825983,49
06-Jun-2021,4,54,16,839862,,826037,48
07-Jun-2021,7,52,16,839869,,826089,45
08-Jun-2021,30,15,15,839899,,826104,49
09-Jun-2021,7,21,14,839906,,826125,46
10-Jun-2021,18,32,13,839924,,826157,42
11-Jun-2021,18,19,14,839942,,826176,27
12-Jun-2021,5,14,12,839947,,826190,28
13-Jun-2021,3,28,12,839950,,826218,29
14-Jun-2021,26,21,12,839976,,826239,25
15-Jun-2021,26,15,15,840002,,826254,21
16-Jun-2021,14,10,14,840016,,826264,21
17-Jun-2021,28,44,15,840044,,826308,19
18-Jun-2021,35,12,17,840079,,826320,21
19-Jun-2021,47,9,19,840126,,826329,20
20-Jun-2021,51,86,25,840177,,826415,19
21-Jun-2021,125,38,32,840302,,826453,28
22-Jun-2021,112,10,46,840414,,826463,30
23-Jun-2021,149,25,58,840563,,826488,29
24-Jun-2021,240,41,78,840803,,826529,32
25-Jun-2021,232,16,108,841035,,826545,31
26-Jun-2021,117,15,136,841152,,826560,32
27-Jun-2021,145,72,146,841297,,826632,33
28-Jun-2021,289,57,160,841586,,826689,31
29-Jun-2021,300,75,183,841886,הפעלת התו הירוק במתחמים מעל 100 איש בגל הרביעי,826764,33
30-Jun-2021,320,93,210,842206,,826857,43
01-Jul-2021,299,164,234,842505,,827021,52
02-Jul-2021,351,136,243,842856,,827157,70
03-Jul-2021,189,96,260,843045,,827253,87
04-Jul-2021,350,286,270,843395,,827539,99
05-Jul-2021,504,195,299,843899,,827734,129
06-Jul-2021,535,176,330,844434,,827910,149
07-Jul-2021,526,245,364,844960,,828155,163
08-Jul-2021,471,326,393,845431,,828481,185
09-Jul-2021,541,248,418,845972,,828729,208
10-Jul-2021,261,133,445,846233,,828862,224
11-Jul-2021,443,425,455,846676,,829287,229
12-Jul-2021,765,280,468,847441,,829567,249
13-Jul-2021,749,326,506,848190,,829893,261
14-Jul-2021,773,450,536,848963,,830343,283
15-Jul-2021,870,562,571,849833,,830905,312
16-Jul-2021,1139,473,628,850972,,831378,346
17-Jul-2021,439,202,714,851411,,831580,378
18-Jul-2021,838,644,739,852249,,832224,388
19-Jul-2021,1390,447,796,853639,,832671,419
20-Jul-2021,1413,382,885,855052,,833053,443
21-Jul-2021,1356,642,980,856408,,833695,451
22-Jul-2021,1289,780,1063,857697,,834475,478
23-Jul-2021,1442,697,1123,859139,,835172,510
24-Jul-2021,973,407,1166,860112,,835579,542
25-Jul-2021,1424,1305,1243,861536,,836884,571
26-Jul-2021,2135,834,1326,863671,,837718,665
27-Jul-2021,2299,898,1433,865970,,838616,721
28-Jul-2021,2193,1149,1559,868163,,839765,794
29-Jul-2021,2179,1359,1679,870342,,841124,867
30-Jul-2021,2454,1231,1806,872796,,842355,949
31-Jul-2021,2103,583,1951,874899,,842938,1026
01-Aug-2021,2126,1910,2112,877025,תחילת חיסונים מנה 3,844848,1051
02-Aug-2021,3862,1113,2212,880887,,845961,1137
03-Aug-2021,3313,1253,2459,884200,,847214,1177
04-Aug-2021,3510,1844,2604,887710,,849058,1228
05-Aug-2021,3886,2262,2792,891596,,851320,1327
06-Aug-2021,3890,1906,3036,895486,,853226,1456
07-Aug-2021,2936,1011,3241,898422,,854237,1553
08-Aug-2021,3447,3266,3360,901869,,857503,1614
09-Aug-2021,6382,2004,3549,908251,,859507,1807
10-Aug-2021,5860,2354,3909,914111,,861861,1935
11-Aug-2021,6027,3261,4273,920138,,865122,2092
12-Aug-2021,6154,3632,4632,926292,,868754,2294
13-Aug-2021,5976,3246,4956,932268,,872000,2490
14-Aug-2021,4233,1576,5254,936501,,873576,2682
15-Aug-2021,5199,5070,5439,941700,,878646,2762
16-Aug-2021,8799,3413,5690,950499,,882059,3020
17-Aug-2021,7995,3323,6035,958494,,885382,3221
18-Aug-2021,8037,5278,6340,966531,,890660,3360
19-Aug-2021,7842,5856,6627,974373,,896516,3648
20-Aug-2021,7908,5469,6868,982281,,901985,3966
21-Aug-2021,5417,2722,7144,987698,,904707,4283
22-Aug-2021,6593,8185,7313,994291,,912892,4447
23-Aug-2021,10114,4989,7513,1004405,,917881,4892
24-Aug-2021,10086,4888,7700,1014491,,922769,5117
25-Aug-2021,9244,7712,7999,1023735,,930481,5341
26-Aug-2021,9124,8577,8172,1032859,,939058,5688
27-Aug-2021,8700,7901,8355,1041559,,946959,6077
28-Aug-2021,7280,3934,8468,1048839,,950893,6424
29-Aug-2021,6792,10674,8734,1055631,,961567,6598
30-Aug-2021,11158,6880,8762,1066789,,968447,6953
31-Aug-2021,10447,6350,8912,1077236,,974797,7223
01-Sep-2021,11303,9306,8963,1088539,,984103,7432
02-Sep-2021,11345,10524,9257,1099884,,994627,7660
03-Sep-2021,9913,9297,9575,1109797,,1003924,7938
04-Sep-2021,5068,5166,9748,1114865,,1009090,8137
05-Sep-2021,5868,12370,9432,1120733,,1021460,8313
06-Sep-2021,10871,9146,9300,1131604,,1030606,8556
07-Sep-2021,6866,4912,9259,1138470,,1035518,8879
08-Sep-2021,3320,5848,8747,1141790,,1041366,8674
09-Sep-2021,7961,13154,7607,1149751,,1054520,8180
10-Sep-2021,9901,11415,7123,1159652,,1065935,8556
11-Sep-2021,10292,5784,7122,1169944,,1071719,8858
12-Sep-2021,7808,12725,7868,1177752,,1084444,8947
13-Sep-2021,10955,7676,8145,1188707,,1092120,8997
14-Sep-2021,9859,6827,8157,1198566,,1098947,8787
15-Sep-2021,8863,10016,8585,1207429,,1108963,9061
16-Sep-2021,3285,3815,9377,1210714,,1112778,9656
17-Sep-2021,5024,6869,8709,1215738,,1119647,8322
18-Sep-2021,8617,3744,8012,1224355,,1123391,7673
19-Sep-2021,6553,15908,7773,1230908,,1139299,7381
20-Sep-2021,8828,10723,7593,1239736,,1150022,7836
21-Sep-2021,4830,4129,7289,1244566,,1154151,8271
22-Sep-2021,6026,11572,6571,1250592,,1165723,7886
23-Sep-2021,6453,9731,6166,1257045,,1175454,8108
24-Sep-2021,4990,7786,6618,1262035,,1183240,8953
25-Sep-2021,2653,3160,6613,1264688,,1186400,9084
26-Sep-2021,3874,5355,5761,1268562,,1191755,9001
27-Sep-2021,5246,8942,5379,1273808,,1200697,7493
28-Sep-2021,2442,5198,4867,1276250,,1205895,7239
29-Sep-2021,3636,9556,4526,1279886,,1215451,7392
30-Sep-2021,4398,6791,4184,1284284,,1222242,7104
01-Oct-2021,3622,4959,3891,1287906,,1227201,6684
02-Oct-2021,1739,3650,3695,1289645,,1230851,6280
03-Oct-2021,2700,7677,3565,1292345,הנחיות חדשות בתו הירוק ,1238528,6350
04-Oct-2021,3277,4484,3397,1295622,,1243012,6681
05-Oct-2021,2557,4080,3116,1298179,,1247092,6045
06-Oct-2021,2429,4659,3132,1300608,,1251751,5885
07-Oct-2021,2120,3948,2960,1302728,,1255699,5185
08-Oct-2021,2024,3134,2634,1304752,,1258833,4779
09-Oct-2021,1040,3008,2406,1305792,,1261841,4518
10-Oct-2021,1492,5197,2306,1307284,,1267038,4427
11-Oct-2021,2343,2694,2134,1309627,,1269732,4072
12-Oct-2021,1816,2943,2000,1311443,,1272675,3817
13-Oct-2021,1772,3225,1894,1313215,,1275900,3654
14-Oct-2021,1345,3144,1801,1314560,,1279044,3449
15-Oct-2021,1575,2200,1690,1316135,,1281244,3335
16-Oct-2021,740,1204,1626,1316875,,1282448,3201
17-Oct-2021,1222,3021,1583,1318097,,1285469,2943
18-Oct-2021,1508,1838,1544,1319605,,1287307,2633
19-Oct-2021,1150,1751,1425,1320755,,1289058,2510
20-Oct-2021,1036,2306,1330,1321791,,1291364,2340
21-Oct-2021,993,2333,1225,1322784,,1293697,2209
22-Oct-2021,982,1741,1174,1323766,,1295438,2093
23-Oct-2021,332,957,1090,1324098,,1296395,2027
24-Oct-2021,842,2250,1031,1324940,,1298645,1992
25-Oct-2021,929,1356,977,1325869,,1300001,1882
26-Oct-2021,729,1370,894,1326598,,1301371,1813
27-Oct-2021,647,1514,834,1327245,,1302885,1759
28-Oct-2021,661,1369,779,1327906,,1304254,1645
29-Oct-2021,617,1177,731,1328523,,1305431,1508
30-Oct-2021,226,641,679,1328749,,1306072,1427
31-Oct-2021,529,1393,664,1329278,,1307465,1382
01-Nov-2021,691,818,619,1329969,היתר כניסת תיירים לישראל על פי מתווה,1308283,1260
02-Nov-2021,667,877,585,1330636,,1309160,1183
03-Nov-2021,616,976,576,1331252,,1310136,1112
04-Nov-2021,518,1000,572,1331770,,1311136,1035
05-Nov-2021,558,665,552,1332328,,1311801,983
06-Nov-2021,199,436,543,1332527,,1312237,910
07-Nov-2021,501,890,539,1333028,,1313127,880
08-Nov-2021,566,512,535,1333594,,1313639,808
09-Nov-2021,473,528,517,1334067,,1314167,765
10-Nov-2021,498,731,490,1334565,,1314898,715
11-Nov-2021,393,708,473,1334958,,1315606,680
12-Nov-2021,448,618,455,1335406,,1316224,638
13-Nov-2021,225,367,439,1335631,,1316591,631
14-Nov-2021,397,699,443,1336028,,1317290,622
15-Nov-2021,535,461,428,1336563,,1317751,594
16-Nov-2021,558,521,424,1337121,,1318272,587
17-Nov-2021,483,556,436,1337604,,1318828,586
18-Nov-2021,469,621,434,1338073,,1319449,561
19-Nov-2021,508,386,445,1338581,,1319835,549
20-Nov-2021,237,302,453,1338818,,1320137,515
21-Nov-2021,453,687,455,1339271,,1320824,506
22-Nov-2021,716,321,463,1339987,תחילת מבצע חיסונים לילדים בני 5-11,1321145,504
23-Nov-2021,604,344,489,1340591,,1321489,484
24-Nov-2021,543,518,495,1341134,,1322007,459
25-Nov-2021,539,571,504,1341673,,1322578,454
26-Nov-2021,540,406,514,1342213,,1322984,447
27-Nov-2021,169,314,518,1342382,,1323298,449
28-Nov-2021,543,783,509,1342925,,1324081,451
29-Nov-2021,698,460,522,1343623,,1324541,465
30-Nov-2021,577,553,519,1344200,,1325094,485
01-Dec-2021,563,648,515,1344763,,1325742,515
02-Dec-2021,519,656,518,1345282,,1326398,533
03-Dec-2021,486,530,515,1345768,,1326928,545
04-Dec-2021,248,320,507,1346016,,1327248,563
05-Dec-2021,539,735,519,1346555,,1327983,564
06-Dec-2021,739,457,518,1347294,,1328440,557
07-Dec-2021,814,513,524,1348108,,1328953,557
08-Dec-2021,714,641,558,1348822,,1329594,551
09-Dec-2021,647,686,579,1349469,,1330280,550
10-Dec-2021,607,562,598,1350076,,1330842,554
11-Dec-2021,236,546,615,1350312,,1331388,559
12-Dec-2021,492,713,613,1350804,,1332101,591
13-Dec-2021,771,426,607,1351575,,1332527,588
14-Dec-2021,701,467,611,1352276,,1332994,583
15-Dec-2021,789,670,595,1353065,,1333664,577
16-Dec-2021,863,842,606,1353928,,1334506,581
17-Dec-2021,877,700,637,1354805,,1335206,603
18-Dec-2021,392,426,675,1355197,,1335632,623
19-Dec-2021,1022,749,697,1356219,,1336381,606
20-Dec-2021,1329,507,773,1357548,,1336888,611
21-Dec-2021,1200,443,853,1358748,,1337331,623
22-Dec-2021,1417,641,924,1360165,,1337972,619
23-Dec-2021,1515,676,1014,1361680,,1338648,615
24-Dec-2021,1790,668,1107,1363470,,1339316,591
25-Dec-2021,806,462,1237,1364276,,1339778,587
26-Dec-2021,1806,906,1297,1366082,,1340684,592
27-Dec-2021,2974,777,1409,1369056,,1341461,614
28-Dec-2021,3246,1222,1644,1372302,,1342683,653
29-Dec-2021,4074,1223,1936,1376376,,1343906,764
30-Dec-2021,5081,1343,2315,1381457,,1345249,847
31-Dec-2021,5494,1164,2825,1386951,,1346413,943
01-Jan-2022,4231,1055,3354,1391182,,1347468,1013
02-Jan-2022,6615,1892,3843,1397797,תחילת חיסונים מנה 4 לבני 60 ומעלה ולצוותים רפואיים,1349360,1098
03-Jan-2022,10952,1465,4530,1408749,,1350825,1239
04-Jan-2022,12643,1856,5670,1421392,,1352681,1337
05-Jan-2022,18513,2726,7012,1439905,שינוי מדיניות בדיקות ובידודים - אנטיגן קובע מאומתים,1355407,1428
06-Jan-2022,19020,3567,9075,1458925,,1358974,1643
07-Jan-2022,21980,3721,11066,1480905,,1362695,1960
08-Jan-2022,22848,3161,13422,1503753,,1365856,2326
09-Jan-2022,31109,6223,16081,1534862,,1372079,2626
10-Jan-2022,41403,5040,19580,1576265,,1377119,3245
11-Jan-2022,46693,6965,23930,1622958,,1384084,3756
12-Jan-2022,48580,11774,28795,1671538,,1395858,4486
13-Jan-2022,49227,58255,33090,1720765,,1454113,5778
14-Jan-2022,45816,20158,37405,1766581,,1474271,13591
15-Jan-2022,44975,15877,40810,1811556,,1490148,15939
16-Jan-2022,64691,39714,43971,1876247,,1529862,17756
17-Jan-2022,71944,45400,48769,1948191,,1575262,22540
18-Jan-2022,73688,48790,53132,2021879,,1624052,28306
19-Jan-2022,74855,95563,56988,2096734,,1719615,34281
20-Jan-2022,75003,28417,60742,2171737,,1748032,46251
21-Jan-2022,65561,90455,64424,2237298,,1838487,41988
22-Jan-2022,66926,72496,67245,2304224,,1910983,52030
23-Jan-2022,85176,73792,70381,2389400,,1984775,60119
24-Jan-2022,83596,38790,73307,2472996,,2023565,64987
25-Jan-2022,76155,34513,74972,2549151,,2058078,64043
26-Jan-2022,50305,14393,75324,2599456,,2072471,62003
