date,amount,recovered,avg,sum,coronaEvents,recovered_cum,recoveredAvg
12-Feb-2020,0,0,,7,,102,
13-Feb-2020,0,0,0,7,,102,0
14-Feb-2020,0,0,0,7,,102,0
15-Feb-2020,0,0,0,7,,102,0
16-Feb-2020,0,0,0,7,,102,0
17-Feb-2020,0,0,0,7,,102,0
18-Feb-2020,0,0,0,7,,102,0
19-Feb-2020,0,0,0,7,,102,0
20-Feb-2020,0,1,0,7,,103,0
21-Feb-2020,1,0,0,8,,103,0
22-Feb-2020,0,0,0,8,,103,0
23-Feb-2020,0,0,0,8,,103,0
24-Feb-2020,1,0,0,9,,103,0
25-Feb-2020,0,0,0,9,,103,0
26-Feb-2020,0,0,0,9,,103,0
27-Feb-2020,1,0,0,10,,103,0
28-Feb-2020,3,0,0,13,,103,0
29-Feb-2020,0,0,0,13,,103,0
01-Mar-2020,1,0,0,14,,103,0
02-Mar-2020,5,0,0,19,,103,0
03-Mar-2020,3,0,1,22,,103,0
04-Mar-2020,0,0,1,22,,103,0
05-Mar-2020,9,0,1,31,,103,0
06-Mar-2020,4,0,3,35,,103,0
07-Mar-2020,4,0,3,39,,103,0
08-Mar-2020,9,0,3,48,,103,0
09-Mar-2020,4,0,4,52,,103,0
10-Mar-2020,33,0,4,85,,103,0
11-Mar-2020,18,0,9,103,,103,0
12-Mar-2020,23,0,11,126,,103,0
13-Mar-2020,35,1,13,161,,104,0
14-Mar-2020,29,0,18,190,סגר ראשון ,104,0
15-Mar-2020,40,0,21,230,,104,0
16-Mar-2020,73,0,26,303,,104,0
17-Mar-2020,94,2,35,397,,106,0
18-Mar-2020,125,2,44,522,,108,0
19-Mar-2020,134,4,59,656,,112,0
20-Mar-2020,168,1,75,824,,113,1
21-Mar-2020,209,0,94,1033,,113,1
22-Mar-2020,252,5,120,1285,,118,1
23-Mar-2020,349,5,150,1634,,123,2
24-Mar-2020,420,5,190,2054,,128,2
25-Mar-2020,423,6,236,2477,,134,3
26-Mar-2020,519,9,279,2996,,143,3
27-Mar-2020,431,18,334,3427,,161,4
28-Mar-2020,476,9,371,3903,,170,6
29-Mar-2020,528,14,410,4431,,184,8
30-Mar-2020,551,33,449,4982,,217,9
31-Mar-2020,738,43,478,5720,,260,13
01-Apr-2020,693,32,523,6413,,292,18
02-Apr-2020,724,79,562,7137,,371,22
03-Apr-2020,600,54,591,7737,,425,32
04-Apr-2020,427,52,615,8164,,477,37
05-Apr-2020,584,100,608,8748,,577,43
06-Apr-2020,449,118,616,9197,,695,56
07-Apr-2020,376,120,602,9573,,815,68
08-Apr-2020,340,105,550,9913,,920,79
09-Apr-2020,340,110,500,10253,,1030,89
10-Apr-2020,355,123,445,10608,,1153,94
11-Apr-2020,342,120,410,10950,,1273,104
12-Apr-2020,551,258,398,11501,,1531,113
13-Apr-2020,437,278,393,11938,,1809,136
14-Apr-2020,394,286,391,12332,,2095,159
15-Apr-2020,305,276,394,12637,,2371,182
16-Apr-2020,296,328,389,12933,,2699,207
17-Apr-2020,297,356,382,13230,,3055,238
18-Apr-2020,288,249,374,13518,,3304,271
19-Apr-2020,274,380,366,13792,פתיחת משק חלקית לאחר סגר ראשון,3684,290
20-Apr-2020,297,448,327,14089,,4132,307
21-Apr-2020,279,371,307,14368,,4503,331
22-Apr-2020,226,391,290,14594,,4894,344
23-Apr-2020,275,327,279,14869,,5221,360
24-Apr-2020,250,337,276,15119,,5558,360
25-Apr-2020,159,375,269,15278,,5933,357
26-Apr-2020,82,431,251,15360,,6364,375
27-Apr-2020,127,467,224,15487,,6831,382
28-Apr-2020,161,564,199,15648,,7395,385
29-Apr-2020,82,350,182,15730,,7745,413
30-Apr-2020,143,426,162,15873,,8171,407
01-May-2020,116,423,143,15989,,8594,421
02-May-2020,57,277,124,16046,,8871,433
03-May-2020,26,286,109,16072,,9157,419
04-May-2020,55,257,101,16127,,9414,399
05-May-2020,33,316,91,16160,,9730,369
06-May-2020,65,260,73,16225,,9990,333
07-May-2020,61,225,70,16286,,10215,320
08-May-2020,33,222,59,16319,,10437,292
09-May-2020,20,91,47,16339,,10528,263
10-May-2020,29,168,41,16368,,10696,236
11-May-2020,39,327,42,16407,,11023,219
12-May-2020,23,258,40,16430,,11281,229
13-May-2020,39,177,38,16469,,11458,221
14-May-2020,22,240,34,16491,,11698,209
15-May-2020,12,160,29,16503,,11858,211
16-May-2020,5,101,26,16508,,11959,203
17-May-2020,15,150,24,16523,,12109,204
18-May-2020,27,273,22,16550,,12382,201
19-May-2020,22,152,20,16572,,12534,194
20-May-2020,15,109,20,16587,,12643,179
21-May-2020,18,121,16,16605,,12764,169
22-May-2020,19,162,16,16624,,12926,152
23-May-2020,5,43,17,16629,,12969,152
24-May-2020,13,115,17,16642,,13084,144
25-May-2020,22,132,17,16664,,13216,139
26-May-2020,50,91,16,16714,,13307,119
27-May-2020,40,60,20,16754,פתיחת משק מלאה לאחר סגר ראשון,13367,110
28-May-2020,77,113,23,16831,,13480,103
29-May-2020,113,39,32,16944,,13519,102
30-May-2020,29,40,45,16973,,13559,84
31-May-2020,87,60,49,17060,,13619,84
01-Jun-2020,100,67,59,17160,,13686,76
02-Jun-2020,122,53,70,17282,,13739,67
03-Jun-2020,96,27,81,17378,,13766,61
04-Jun-2020,142,42,89,17520,,13808,57
05-Jun-2020,127,37,98,17647,,13845,46
06-Jun-2020,78,24,100,17725,,13869,46
07-Jun-2020,140,42,107,17865,,13911,44
08-Jun-2020,179,39,115,18044,,13950,41
09-Jun-2020,174,46,126,18218,,13996,37
10-Jun-2020,241,52,133,18459,,14048,36
11-Jun-2020,192,55,154,18651,,14103,40
12-Jun-2020,184,53,161,18835,,14156,42
13-Jun-2020,149,41,169,18984,,14197,44
14-Jun-2020,137,50,179,19121,,14247,46
15-Jun-2020,200,88,179,19321,,14335,48
16-Jun-2020,298,51,182,19619,,14386,55
17-Jun-2020,268,48,200,19887,,14434,55
18-Jun-2020,303,50,204,20190,,14484,55
19-Jun-2020,311,57,219,20501,,14541,54
20-Jun-2020,161,37,238,20662,,14578,55
21-Jun-2020,174,49,239,20836,,14627,54
22-Jun-2020,344,60,245,21180,,14687,54
23-Jun-2020,452,84,265,21632,,14771,50
24-Jun-2020,486,72,287,22118,,14843,55
25-Jun-2020,516,76,318,22634,,14919,58
26-Jun-2020,464,130,349,23098,,15049,62
27-Jun-2020,397,50,371,23495,,15099,72
28-Jun-2020,383,139,404,23878,,15238,74
29-Jun-2020,759,166,434,24637,,15404,87
30-Jun-2020,789,127,493,25426,,15531,102
01-Jul-2020,968,99,542,26394,,15630,108
02-Jul-2020,1154,124,610,27548,,15754,112
03-Jul-2020,941,119,702,28489,,15873,119
04-Jul-2020,821,76,770,29310,,15949,117
05-Jul-2020,825,143,830,30135,,16092,121
06-Jul-2020,1128,193,893,31263,,16285,122
07-Jul-2020,1384,173,946,32647,,16458,125
08-Jul-2020,1329,226,1031,33976,,16684,132
09-Jul-2020,1521,225,1083,35497,,16909,150
10-Jul-2020,1407,212,1135,36904,,17121,165
11-Jul-2020,1168,191,1202,38072,,17312,178
12-Jul-2020,1236,336,1251,39308,,17648,194
13-Jul-2020,1717,362,1310,41025,,18010,222
14-Jul-2020,1601,314,1394,42626,,18324,246
15-Jul-2020,1873,361,1425,44499,,18685,266
16-Jul-2020,1936,508,1503,46435,,19193,285
17-Jul-2020,1601,481,1562,48036,,19674,326
18-Jul-2020,1444,447,1590,49480,,20121,364
19-Jul-2020,1016,517,1629,50496,,20638,401
20-Jul-2020,1886,626,1598,52382,,21264,427
21-Jul-2020,2004,641,1622,54386,,21905,464
22-Jul-2020,2041,3710,1680,56427,,25615,511
23-Jul-2020,1987,6709,1704,58414,,32324,990
24-Jul-2020,1824,1589,1711,60238,,33913,1875
25-Jul-2020,1110,587,1743,61348,,34500,2034
26-Jul-2020,1040,2729,1695,62388,,37229,2054
27-Jul-2020,2048,1755,1698,64436,,38984,2370
28-Jul-2020,2120,1550,1722,66556,,40534,2531
29-Jul-2020,1957,1393,1738,68513,,41927,2661
30-Jul-2020,1786,1678,1726,70299,,43605,2330
31-Jul-2020,1359,1294,1697,71658,,44899,1611
01-Aug-2020,623,535,1631,72281,,45434,1569
02-Aug-2020,708,2428,1561,72989,,47862,1562
03-Aug-2020,1799,1782,1514,74788,,49644,1519
04-Aug-2020,1726,1643,1478,76514,,51287,1522
05-Aug-2020,1686,1477,1422,78200,,52764,1536
06-Aug-2020,1675,1743,1383,79875,,54507,1548
07-Aug-2020,1761,1207,1368,81636,,55714,1557
08-Aug-2020,755,605,1425,82391,,56319,1545
09-Aug-2020,922,2328,1444,83313,,58647,1555
10-Aug-2020,1697,1392,1474,85010,,60039,1540
11-Aug-2020,1823,984,1460,86833,,61023,1485
12-Aug-2020,1617,1132,1474,88450,,62155,1390
13-Aug-2020,1641,1304,1464,90091,,63459,1341
14-Aug-2020,1389,986,1459,91480,,64445,1278
15-Aug-2020,754,566,1406,92234,,65011,1247
16-Aug-2020,1069,2217,1406,93303,,67228,1241
17-Aug-2020,1649,1186,1427,94952,,68414,1225
18-Aug-2020,1647,1114,1420,96599,,69528,1196
19-Aug-2020,1639,1472,1395,98238,,71000,1215
20-Aug-2020,1485,1426,1398,99723,,72426,1263
21-Aug-2020,1491,1037,1376,101214,,73463,1281
22-Aug-2020,710,662,1390,101924,,74125,1288
23-Aug-2020,964,2113,1384,102888,,76238,1302
24-Aug-2020,1901,1397,1369,104789,,77635,1287
25-Aug-2020,1958,794,1405,106747,,78429,1317
26-Aug-2020,1984,3629,1449,108731,,82058,1271
27-Aug-2020,2106,1511,1499,110837,,83569,1579
28-Aug-2020,1833,1831,1587,112670,,85400,1591
29-Aug-2020,909,707,1636,113579,,86107,1705
30-Aug-2020,1100,2256,1665,114679,,88363,1711
31-Aug-2020,2171,1466,1684,116850,,89829,1732
01-Sep-2020,2255,1007,1723,119105,,90836,1742
02-Sep-2020,3194,1392,1765,122299,,92228,1772
03-Sep-2020,2664,1795,1938,124963,,94023,1452
04-Sep-2020,2623,1188,2018,127586,,95211,1493
05-Sep-2020,1504,883,2130,129090,,96094,1401
06-Sep-2020,2175,2392,2215,131265,,98486,1426
07-Sep-2020,3386,1593,2369,134651,,100079,1446
08-Sep-2020,3488,1427,2543,138139,,101506,1464
09-Sep-2020,3992,1462,2719,142131,,102968,1524
10-Sep-2020,4154,1974,2833,146285,,104942,1534
11-Sep-2020,3973,1771,3046,150258,,106713,1559
12-Sep-2020,2718,1260,3238,152976,,107973,1643
13-Sep-2020,3172,3262,3412,156148,,111235,1697
14-Sep-2020,4803,2394,3554,160951,,113629,1821
15-Sep-2020,5529,2262,3757,166480,,115891,1935
16-Sep-2020,4568,2787,4048,171048,,118678,2055
17-Sep-2020,5378,3706,4131,176426,,122384,2244
18-Sep-2020,5333,2837,4305,181759,סגר שני,125221,2491
19-Sep-2020,3809,1437,4500,185568,,126658,2644
20-Sep-2020,2576,2468,4656,188144,,129126,2669
21-Sep-2020,3869,4642,4570,192013,,133768,2555
22-Sep-2020,7017,3500,4437,199030,,137268,2877
23-Sep-2020,7142,3808,4650,206172,,141076,3053
24-Sep-2020,8259,4575,5017,214431,,145651,3199
25-Sep-2020,8388,4124,5429,222819,,149775,3323
26-Sep-2020,5880,2391,5865,228699,,152166,3507
27-Sep-2020,3436,5673,6161,232135,,157839,3644
28-Sep-2020,1154,2163,6284,233289,,160002,4101
29-Sep-2020,4989,5774,5896,238278,,165776,3747
30-Sep-2020,9050,5123,5606,247328,,170899,4072
01-Oct-2020,7720,5750,5879,255048,,176649,4260
02-Oct-2020,7053,5570,5802,262101,,182219,4428
03-Oct-2020,2593,3483,5611,264694,,185702,4634
04-Oct-2020,2932,8100,5142,267626,,193802,4790
05-Oct-2020,5702,6950,5070,273328,,200752,5137
06-Oct-2020,4718,6403,5719,278046,,207155,5821
07-Oct-2020,4153,4891,5681,282199,,212046,5911
08-Oct-2020,3752,4791,4981,285951,,216837,5878
09-Oct-2020,2954,5084,4414,288905,,221921,5741
10-Oct-2020,916,3781,3829,289821,,225702,5671
11-Oct-2020,1638,7538,3589,291459,,233240,5714
12-Oct-2020,3154,5502,3404,294613,,238742,5634
13-Oct-2020,2335,5705,3040,296948,,244447,5427
14-Oct-2020,2118,5823,2700,299066,,250270,5327
15-Oct-2020,1609,5401,2409,300675,,255671,5460
16-Oct-2020,1496,3470,2103,302171,,259141,5547
17-Oct-2020,410,2501,1895,302581,,261642,5317
18-Oct-2020,923,4889,1822,303504,פתיחת סגר שני,266531,5134
19-Oct-2020,1516,2324,1720,305020,,268855,4755
20-Oct-2020,1192,1789,1486,306212,,270644,4301
21-Oct-2020,1170,3116,1323,307382,,273760,3742
22-Oct-2020,1031,3104,1188,308413,,276864,3355
23-Oct-2020,848,2425,1105,309261,,279289,3027
24-Oct-2020,247,1297,1012,309508,,280586,2878
25-Oct-2020,604,2661,989,310112,,283247,2706
26-Oct-2020,884,1281,944,310996,,284528,2388
27-Oct-2020,885,954,853,311881,,285482,2239
28-Oct-2020,724,1290,809,312605,,286772,2119
29-Oct-2020,647,1436,746,313252,,288208,1858
30-Oct-2020,681,1057,691,313933,,289265,1620
31-Oct-2020,228,795,667,314161,,290060,1425
01-Nov-2020,657,1505,664,314818,,291565,1353
02-Nov-2020,792,910,672,315610,,292475,1188
03-Nov-2020,843,724,659,316453,,293199,1135
04-Nov-2020,769,630,653,317222,,293829,1102
05-Nov-2020,568,841,659,317790,,294670,1008
06-Nov-2020,689,886,648,318479,,295556,923
07-Nov-2020,212,681,649,318691,הקלות סגר שני – פתיחת חנויות רחוב,296237,898
08-Nov-2020,535,679,647,319226,,296916,882
09-Nov-2020,723,919,629,319949,,297835,764
10-Nov-2020,673,336,619,320622,,298171,765
11-Nov-2020,768,1079,595,321390,,299250,710
12-Nov-2020,837,1202,595,322227,,300452,774
13-Nov-2020,761,731,633,322988,,301183,826
14-Nov-2020,292,419,644,323280,,301602,803
15-Nov-2020,627,963,655,323907,,302565,766
16-Nov-2020,874,653,668,324781,,303218,807
17-Nov-2020,830,576,690,325611,,303794,769
18-Nov-2020,797,788,712,326408,,304582,803
19-Nov-2020,771,749,716,327179,,305331,761
20-Nov-2020,772,665,707,327951,,305996,697
21-Nov-2020,423,447,709,328374,,306443,687
22-Nov-2020,763,996,727,329137,,307439,691
23-Nov-2020,961,652,747,330098,,308091,696
24-Nov-2020,859,541,759,330957,,308632,696
25-Nov-2020,1082,839,763,332039,,309471,691
26-Nov-2020,1086,922,804,333125,,310393,698
27-Nov-2020,1033,681,849,334158,הקלות סגר שני – פיילוט קניונים,311074,723
28-Nov-2020,583,412,886,334741,,311486,725
29-Nov-2020,1026,1101,909,335767,,312587,720
30-Nov-2020,1257,728,947,337024,,313315,735
01-Dec-2020,1200,697,989,338224,,314012,746
02-Dec-2020,1589,834,1038,339813,,314846,768
03-Dec-2020,1450,1422,1110,341263,,316268,767
04-Dec-2020,1515,860,1162,342778,,317128,839
05-Dec-2020,1000,590,1231,343778,,317718,864
06-Dec-2020,1359,1389,1291,345137,,319107,890
07-Dec-2020,1863,907,1338,347000,,320014,931
08-Dec-2020,1771,892,1425,348771,,320906,957
09-Dec-2020,1869,1022,1506,350640,,321928,984
10-Dec-2020,2008,1431,1546,352648,,323359,1011
11-Dec-2020,1835,1143,1626,354483,,324502,1013
12-Dec-2020,1297,916,1672,355780,,325418,1053
13-Dec-2020,1727,1892,1714,357507,,327310,1100
14-Dec-2020,2322,1261,1767,359829,,328571,1171
15-Dec-2020,2893,1198,1832,362722,,329769,1222
16-Dec-2020,2860,1615,1993,365582,,331384,1266
17-Dec-2020,2847,1940,2134,368429,,333324,1350
18-Dec-2020,2793,1546,2254,371222,,334870,1423
19-Dec-2020,1889,1080,2391,373111,,335950,1481
20-Dec-2020,3096,2550,2475,376207,תחילת חיסונים מנה 1,338500,1504
21-Dec-2020,3861,1550,2671,380068,,340050,1598
22-Dec-2020,4380,1621,2891,384448,,341671,1639
23-Dec-2020,4041,2014,3103,388489,,343685,1700
24-Dec-2020,4049,2857,3272,392538,,346542,1757
25-Dec-2020,4005,2390,3444,396543,,348932,1888
26-Dec-2020,2660,1798,3617,399203,,350730,2008
27-Dec-2020,3534,4189,3727,402737,סגר שלישי,354919,2111
28-Dec-2020,5525,2470,3790,408262,,357389,2345
29-Dec-2020,5633,2379,4027,413895,,359768,2477
30-Dec-2020,5871,3718,4206,419766,,363486,2585
31-Dec-2020,5867,4245,4468,425633,,367731,2828
01-Jan-2021,6014,3440,4727,431647,,371171,3027
02-Jan-2021,4212,2033,5014,435859,,373204,3177
03-Jan-2021,5232,5546,5236,441091,,378750,3210
04-Jan-2021,8424,3076,5479,449515,,381826,3404
05-Jan-2021,8233,2949,5893,457748,,384775,3491
06-Jan-2021,7884,4760,6264,465632,,389535,3572
07-Jan-2021,7664,5839,6552,473296,,395374,3721
08-Jan-2021,8162,4827,6809,481458,הידוק סגר שלישי,400201,3949
09-Jan-2021,5165,3068,7115,486623,,403269,4147
10-Jan-2021,6956,8331,7252,493579,תחילת חיסונים מנה 2,411600,4295
11-Jan-2021,9730,4833,7498,503309,,416433,4692
12-Jan-2021,9298,4555,7684,512607,,420988,4943
13-Jan-2021,9474,7990,7837,522081,,428978,5173
14-Jan-2021,9301,9162,8064,531382,,438140,5634
15-Jan-2021,8431,7979,8298,539813,,446119,6109
16-Jan-2021,5086,4266,8336,544899,,450385,6559
17-Jan-2021,5661,10873,8325,550560,,461258,6730
18-Jan-2021,10123,6151,8140,560683,,467409,7094
19-Jan-2021,8633,5494,8196,569316,,472903,7282
20-Jan-2021,8362,8752,8101,577678,,481655,7416
21-Jan-2021,7270,9947,7942,584948,,491602,7525
22-Jan-2021,7387,8434,7652,592335,,500036,7637
23-Jan-2021,2447,4167,7503,594782,,504203,7702
24-Jan-2021,4938,10511,7126,599720,,514714,7688
25-Jan-2021,8719,5605,7022,608439,,520319,7636
26-Jan-2021,7817,5082,6822,616256,,525401,7558
27-Jan-2021,7749,8653,6705,624005,,534054,7499
28-Jan-2021,7197,9193,6618,631202,,543247,7485
29-Jan-2021,6776,7528,6607,637978,,550775,7377
30-Jan-2021,2628,3534,6520,640606,,554309,7248
31-Jan-2021,5240,10071,6546,645846,,564380,7158
01-Feb-2021,8930,5114,6589,654776,,569494,7095
02-Feb-2021,8024,4394,6619,662800,,573888,7025
03-Feb-2021,7462,8167,6649,670262,,582055,6926
04-Feb-2021,7262,8119,6608,677524,,590174,6857
05-Feb-2021,6600,7236,6617,684124,,597410,6703
06-Feb-2021,2660,3046,6592,686784,,600456,6662
07-Feb-2021,4605,9699,6596,691389,פתיחת סגר שלשי ,610155,6592
08-Feb-2021,7856,4975,6506,699245,,615130,6539
09-Feb-2021,6168,4907,6352,705413,,620037,6519
10-Feb-2021,5677,8224,6087,711090,,628261,6592
11-Feb-2021,5053,8720,5832,716143,,636981,6600
12-Feb-2021,4674,7198,5517,720817,,644179,6686
13-Feb-2021,1890,3386,5241,722707,,647565,6681
14-Feb-2021,3489,9587,5131,726196,,657152,6729
15-Feb-2021,5200,4856,4972,731396,,662008,6713
16-Feb-2021,4583,3732,4593,735979,,665740,6696
17-Feb-2021,4168,6495,4366,740147,,672235,6529
18-Feb-2021,3338,7457,4151,743485,,679692,6282
19-Feb-2021,3794,5890,3906,747279,,685582,6101
20-Feb-2021,1255,3375,3780,748534,,688957,5914
21-Feb-2021,3112,7373,3689,751646,פתיחה חלקית של המשק לאחר סגר שלישי,696330,5913
22-Feb-2021,4811,3648,3635,756457,,699978,5596
23-Feb-2021,4443,3158,3580,760900,,703136,5424
24-Feb-2021,4375,5347,3560,765275,,708483,5342
25-Feb-2021,3820,4985,3589,769095,,713468,5178
26-Feb-2021,3819,3734,3658,772914,,717202,4825
27-Feb-2021,1443,1561,3662,774357,,718763,4517
28-Feb-2021,3030,5633,3689,777387,,724396,4258
01-Mar-2021,4848,2729,3677,782235,,727125,4009
02-Mar-2021,4389,2917,3682,786624,,730042,3878
03-Mar-2021,4670,4577,3674,791294,,734619,3843
04-Mar-2021,3658,4765,3717,794952,,739384,3733
05-Mar-2021,3692,3964,3693,798644,,743348,3702
06-Mar-2021,1844,1911,3675,800488,,745259,3735
07-Mar-2021,2362,5682,3733,802850,פתיחת משק מלאה לאחר סגר שלישי,750941,3785
08-Mar-2021,3796,2668,3637,806646,,753609,3792
09-Mar-2021,3127,2910,3487,809773,,756519,3783
10-Mar-2021,2842,4543,3307,812615,,761062,3782
11-Mar-2021,2553,4961,3045,815168,,766023,3777
12-Mar-2021,2414,3884,2888,817582,,769907,3805
13-Mar-2021,787,2016,2705,818369,,771923,3794
14-Mar-2021,1408,5780,2554,819777,,777703,3809
15-Mar-2021,2130,2610,2418,821907,,780313,3823
16-Mar-2021,1566,2230,2180,823473,,782543,3814
17-Mar-2021,1540,3611,1957,825013,,786154,3717
18-Mar-2021,1254,3577,1771,826267,,789731,3584
19-Mar-2021,1085,2540,1585,827352,,792271,3386
20-Mar-2021,351,1455,1395,827703,,793726,3194
21-Mar-2021,681,3476,1333,828384,,797202,3114
22-Mar-2021,982,1678,1229,829366,,798880,2785
23-Mar-2021,695,736,1065,830061,,799616,2652
24-Mar-2021,478,2244,941,830539,,801860,2439
25-Mar-2021,877,2093,789,831416,,803953,2243
26-Mar-2021,534,1491,735,831950,,805444,2031
27-Mar-2021,236,857,656,832186,,806301,1881
28-Mar-2021,131,878,640,832317,,807179,1796
29-Mar-2021,375,1468,561,832692,,808647,1425
30-Mar-2021,449,811,475,833141,,809458,1395
31-Mar-2021,498,1077,440,833639,,810535,1406
01-Apr-2021,334,1062,442,833973,,811597,1239
02-Apr-2021,419,634,365,834392,,812231,1092
03-Apr-2021,124,461,348,834516,,812692,969
04-Apr-2021,197,1054,332,834713,,813746,913
05-Apr-2021,383,509,342,835096,,814255,938
06-Apr-2021,307,492,343,835403,,814747,801
07-Apr-2021,274,425,323,835677,,815172,755
08-Apr-2021,212,638,291,835889,,815810,662
09-Apr-2021,226,577,273,836115,,816387,601
10-Apr-2021,86,387,246,836201,,816774,593
11-Apr-2021,141,777,240,836342,,817551,583
12-Apr-2021,224,359,232,836566,,817910,543
13-Apr-2021,198,379,210,836764,,818289,522
14-Apr-2021,195,484,194,836959,,818773,506
15-Apr-2021,95,261,183,837054,,819034,514
16-Apr-2021,110,366,166,837164,,819400,460
17-Apr-2021,85,211,149,837249,,819611,430
18-Apr-2021,178,545,149,837427,פתיחת לימודים ללא קפסולות,820156,405
19-Apr-2021,142,202,155,837569,,820358,372
20-Apr-2021,167,225,143,837736,,820583,349
21-Apr-2021,115,234,138,837851,,820817,327
22-Apr-2021,145,334,127,837996,,821151,292
23-Apr-2021,112,266,134,838108,,821417,302
24-Apr-2021,36,114,134,838144,,821531,288
25-Apr-2021,79,191,127,838223,,821722,274
26-Apr-2021,100,145,113,838323,,821867,223
27-Apr-2021,102,149,107,838425,,822016,215
28-Apr-2021,106,177,98,838531,,822193,204
29-Apr-2021,97,169,97,838628,,822362,196
30-Apr-2021,79,130,90,838707,,822492,173
01-May-2021,15,71,85,838722,,822563,153
02-May-2021,53,217,82,838775,,822780,147
03-May-2021,76,152,78,838851,,822932,151
04-May-2021,64,108,75,838915,,823040,152
05-May-2021,73,139,70,838988,,823179,146
06-May-2021,54,144,65,839042,,823323,140
07-May-2021,34,88,59,839076,,823411,137
08-May-2021,16,64,52,839092,,823475,131
09-May-2021,33,145,52,839125,,823620,130
10-May-2021,56,57,50,839181,,823677,120
11-May-2021,38,85,47,839219,,823762,106
12-May-2021,28,94,43,839247,,823856,103
13-May-2021,33,75,37,839280,,823931,96
14-May-2021,27,64,34,839307,,823995,86
15-May-2021,20,45,33,839327,,824040,83
16-May-2021,32,99,33,839359,,824139,80
17-May-2021,15,18,33,839374,,824157,74
18-May-2021,23,92,27,839397,,824249,68
19-May-2021,56,90,25,839453,,824339,69
20-May-2021,35,75,29,839488,,824414,69
21-May-2021,22,34,29,839510,,824448,69
22-May-2021,12,25,29,839522,,824473,64
23-May-2021,26,85,27,839548,,824558,61
24-May-2021,30,30,27,839578,,824588,59
25-May-2021,22,42,29,839600,,824630,61
26-May-2021,16,36,29,839616,,824666,54
27-May-2021,15,38,23,839631,,824704,46
28-May-2021,18,40,20,839649,,824744,41
29-May-2021,13,17,19,839662,,824761,42
30-May-2021,3,69,20,839665,,824830,41
31-May-2021,14,28,16,839679,,824858,38
01-Jun-2021,35,36,14,839714,,824894,38
02-Jun-2021,13,48,16,839727,,824942,37
03-Jun-2021,10,130,15,839737,,825072,39
04-Jun-2021,31,12,15,839768,,825084,52
05-Jun-2021,6,6,17,839774,,825090,48
06-Jun-2021,4,54,16,839778,,825144,47
07-Jun-2021,7,52,16,839785,,825196,44
08-Jun-2021,30,15,15,839815,,825211,48
09-Jun-2021,8,21,14,839823,,825232,45
10-Jun-2021,18,32,13,839841,,825264,41
11-Jun-2021,18,19,14,839859,,825283,27
12-Jun-2021,5,14,13,839864,,825297,28
13-Jun-2021,3,28,12,839867,,825325,29
14-Jun-2021,26,21,12,839893,,825346,25
15-Jun-2021,26,15,15,839919,,825361,21
16-Jun-2021,14,10,14,839933,,825371,21
17-Jun-2021,29,44,15,839962,,825415,19
18-Jun-2021,35,12,17,839997,,825427,21
19-Jun-2021,47,9,19,840044,,825436,20
20-Jun-2021,51,86,25,840095,,825522,19
21-Jun-2021,125,38,32,840220,,825560,28
22-Jun-2021,113,10,46,840333,,825570,30
23-Jun-2021,151,25,59,840484,,825595,29
24-Jun-2021,241,41,78,840725,,825636,32
25-Jun-2021,233,16,109,840958,,825652,31
26-Jun-2021,118,15,137,841076,,825667,32
27-Jun-2021,145,72,147,841221,,825739,33
28-Jun-2021,289,57,160,841510,,825796,31
29-Jun-2021,301,75,184,841811,הפעלת התו הירוק במתחמים מעל 100 איש בגל הרביעי,825871,33
30-Jun-2021,325,93,211,842136,,825964,43
01-Jul-2021,299,164,236,842435,,826128,52
02-Jul-2021,354,136,244,842789,,826264,70
03-Jul-2021,189,96,261,842978,,826360,87
04-Jul-2021,350,286,271,843328,,826646,99
05-Jul-2021,504,195,301,843832,,826841,129
06-Jul-2021,537,175,331,844369,,827016,149
07-Jul-2021,526,244,365,844895,,827260,163
08-Jul-2021,472,326,394,845367,,827586,185
09-Jul-2021,541,248,418,845908,,827834,208
10-Jul-2021,261,133,445,846169,,827967,224
11-Jul-2021,443,424,455,846612,,828391,229
12-Jul-2021,764,280,469,847376,,828671,249
13-Jul-2021,749,326,506,848125,,828997,261
14-Jul-2021,773,450,536,848898,,829447,283
15-Jul-2021,872,562,571,849770,,830009,312
16-Jul-2021,1139,472,629,850909,,830481,346
17-Jul-2021,439,202,714,851348,,830683,378
18-Jul-2021,838,644,739,852186,,831327,388
19-Jul-2021,1395,445,796,853581,,831772,419
20-Jul-2021,1413,379,886,854994,,832151,443
21-Jul-2021,1358,641,981,856352,,832792,450
22-Jul-2021,1289,780,1064,857641,,833572,477
23-Jul-2021,1442,696,1124,859083,,834268,509
24-Jul-2021,973,407,1167,860056,,834675,541
25-Jul-2021,1428,1305,1244,861484,,835980,570
26-Jul-2021,2135,834,1328,863619,,836814,664
27-Jul-2021,2299,898,1434,865918,,837712,720
28-Jul-2021,2196,1149,1560,868114,,838861,794
29-Jul-2021,2180,1357,1680,870294,,840218,867
30-Jul-2021,2459,1230,1807,872753,,841448,949
31-Jul-2021,2104,584,1952,874857,,842032,1025
01-Aug-2021,2126,1911,2114,876983,תחילת חיסונים מנה 3,843943,1051
02-Aug-2021,3862,1110,2214,880845,,845053,1137
03-Aug-2021,3312,1252,2460,884157,,846305,1177
04-Aug-2021,3510,1843,2605,887667,,848148,1227
05-Aug-2021,3887,2261,2793,891554,,850409,1326
06-Aug-2021,3890,1905,3037,895444,,852314,1455
07-Aug-2021,2936,1010,3241,898380,,853324,1552
08-Aug-2021,3447,3263,3360,901827,,856587,1613
09-Aug-2021,6382,2004,3549,908209,,858591,1806
10-Aug-2021,5860,2353,3909,914069,,860944,1934
11-Aug-2021,6027,3259,4273,920096,,864203,2091
12-Aug-2021,6154,3626,4632,926250,,867829,2293
13-Aug-2021,5976,3243,4956,932226,,871072,2488
14-Aug-2021,4233,1576,5254,936459,,872648,2679
15-Aug-2021,5199,5069,5439,941658,,877717,2760
16-Aug-2021,8798,3413,5690,950456,,881130,3018
17-Aug-2021,7994,3321,6035,958450,,884451,3219
18-Aug-2021,8037,5273,6340,966487,,889724,3358
19-Aug-2021,7842,5848,6627,974329,,895572,3645
20-Aug-2021,7908,5464,6868,982237,,901036,3963
21-Aug-2021,5416,2717,7144,987653,,903753,4280
22-Aug-2021,6594,8182,7313,994247,,911935,4443
23-Aug-2021,10115,4980,7512,1004362,,916915,4888
24-Aug-2021,10086,4884,7700,1014448,,921799,5112
25-Aug-2021,9245,7707,7999,1023693,,929506,5335
26-Aug-2021,9124,8571,8172,1032817,,938077,5683
27-Aug-2021,8700,7891,8355,1041517,,945968,6072
28-Aug-2021,7280,3932,8468,1048797,,949900,6418
29-Aug-2021,6792,10668,8734,1055589,,960568,6592
30-Aug-2021,11158,6879,8763,1066747,,967447,6947
31-Aug-2021,10447,6344,8912,1077194,,973791,7218
01-Sep-2021,11304,9300,8963,1088498,,983091,7427
02-Sep-2021,11345,10517,9257,1099843,,993608,7655
03-Sep-2021,9913,9293,9575,1109756,,1002901,7933
04-Sep-2021,5067,5164,9748,1114823,,1008065,8133
05-Sep-2021,5868,12364,9432,1120691,,1020429,8309
06-Sep-2021,10871,9142,9300,1131562,,1029571,8551
07-Sep-2021,6866,4909,9259,1138428,,1034480,8874
08-Sep-2021,3320,5843,8747,1141748,,1040323,8669
09-Sep-2021,7962,13145,7607,1149710,,1053468,8176
10-Sep-2021,9901,11410,7123,1159611,,1064878,8551
11-Sep-2021,10291,5778,7122,1169902,,1070656,8853
12-Sep-2021,7808,12715,7868,1177710,,1083371,8941
13-Sep-2021,10955,7671,8145,1188665,,1091042,8991
14-Sep-2021,9859,6825,8157,1198524,,1097867,8781
15-Sep-2021,8864,10010,8585,1207388,,1107877,9055
16-Sep-2021,3285,3814,9377,1210673,,1111691,9650
17-Sep-2021,5024,6861,8709,1215697,,1118552,8317
18-Sep-2021,8617,3738,8012,1224314,,1122290,7667
19-Sep-2021,6553,15898,7773,1230867,,1138188,7376
20-Sep-2021,8828,10716,7593,1239695,,1148904,7831
21-Sep-2021,4829,4128,7290,1244524,,1153032,8266
22-Sep-2021,6026,11570,6571,1250550,,1164602,7880
23-Sep-2021,6453,9730,6166,1257003,,1174332,8103
24-Sep-2021,4990,7780,6618,1261993,,1182112,8948
25-Sep-2021,2653,3158,6613,1264646,,1185270,9080
26-Sep-2021,3874,5353,5761,1268520,,1190623,8997
27-Sep-2021,5246,8937,5379,1273766,,1199560,7490
28-Sep-2021,2441,5195,4867,1276207,,1204755,7236
29-Sep-2021,3636,9547,4526,1279843,,1214302,7389
30-Sep-2021,4398,6787,4184,1284241,,1221089,7100
01-Oct-2021,3622,4952,3891,1287863,,1226041,6679
02-Oct-2021,1739,3649,3695,1289602,,1229690,6275
03-Oct-2021,2700,7661,3565,1292302,הנחיות חדשות בתו הירוק ,1237351,6345
04-Oct-2021,3278,4479,3397,1295580,,1241830,6675
05-Oct-2021,2555,4076,3116,1298135,,1245906,6038
06-Oct-2021,2429,4653,3132,1300564,,1250559,5878
07-Oct-2021,2120,3945,2960,1302684,,1254504,5179
08-Oct-2021,2024,3130,2634,1304708,,1257634,4773
09-Oct-2021,1040,3004,2406,1305748,,1260638,4513
10-Oct-2021,1490,5193,2306,1307238,,1265831,4421
11-Oct-2021,2343,2694,2133,1309581,,1268525,4068
12-Oct-2021,1816,2942,2000,1311397,,1271467,3813
13-Oct-2021,1772,3223,1894,1313169,,1274690,3651
14-Oct-2021,1345,3142,1800,1314514,,1277832,3447
15-Oct-2021,1575,2199,1690,1316089,,1280031,3332
16-Oct-2021,740,1202,1625,1316829,,1281233,3199
17-Oct-2021,1221,3020,1583,1318050,,1284253,2942
18-Oct-2021,1508,1836,1544,1319558,,1286089,2631
19-Oct-2021,1150,1749,1425,1320708,,1287838,2509
20-Oct-2021,1036,2306,1330,1321744,,1290144,2338
21-Oct-2021,993,2331,1225,1322737,,1292475,2207
22-Oct-2021,982,1738,1174,1323719,,1294213,2091
23-Oct-2021,332,956,1090,1324051,,1295169,2026
24-Oct-2021,842,2250,1031,1324893,,1297419,1990
25-Oct-2021,929,1354,977,1325822,,1298773,1880
26-Oct-2021,729,1370,894,1326551,,1300143,1812
27-Oct-2021,647,1514,834,1327198,,1301657,1757
28-Oct-2021,661,1368,779,1327859,,1303025,1644
29-Oct-2021,617,1176,731,1328476,,1304201,1507
30-Oct-2021,225,641,679,1328701,,1304842,1426
31-Oct-2021,528,1392,664,1329229,,1306234,1381
01-Nov-2021,691,818,619,1329920,היתר כניסת תיירים לישראל על פי מתווה,1307052,1259
02-Nov-2021,667,876,585,1330587,,1307928,1182
03-Nov-2021,616,975,576,1331203,,1308903,1112
04-Nov-2021,519,998,572,1331722,,1309901,1035
05-Nov-2021,558,662,551,1332280,,1310563,982
06-Nov-2021,199,434,543,1332479,,1310997,908
07-Nov-2021,502,887,539,1332981,,1311884,879
08-Nov-2021,566,504,536,1333547,,1312388,807
09-Nov-2021,473,526,518,1334020,,1312914,762
10-Nov-2021,498,717,490,1334518,,1313631,712
11-Nov-2021,393,700,473,1334911,,1314331,675
12-Nov-2021,448,607,455,1335359,,1314938,632
13-Nov-2021,225,359,439,1335584,,1315297,625
14-Nov-2021,397,687,443,1335981,,1315984,614
15-Nov-2021,535,459,428,1336516,,1316443,585
16-Nov-2021,558,516,424,1337074,,1316959,579
17-Nov-2021,483,547,436,1337557,,1317506,577
18-Nov-2021,469,614,434,1338026,,1318120,553
19-Nov-2021,508,383,445,1338534,,1318503,541
20-Nov-2021,237,297,453,1338771,,1318800,509
21-Nov-2021,453,678,455,1339224,,1319478,500
22-Nov-2021,716,319,463,1339940,תחילת מבצע חיסונים לילדים בני 5-11,1319797,499
23-Nov-2021,604,341,489,1340544,,1320138,479
24-Nov-2021,543,511,495,1341087,,1320649,454
25-Nov-2021,539,565,504,1341626,,1321214,449
26-Nov-2021,540,400,514,1342166,,1321614,442
27-Nov-2021,169,311,518,1342335,,1321925,444
28-Nov-2021,543,779,509,1342878,,1322704,446
29-Nov-2021,698,459,522,1343576,,1323163,460
30-Nov-2021,577,552,519,1344153,,1323715,480
01-Dec-2021,563,642,515,1344716,,1324357,511
02-Dec-2021,519,653,518,1345235,,1325010,529
03-Dec-2021,486,528,515,1345721,,1325538,542
04-Dec-2021,248,319,507,1345969,,1325857,560
05-Dec-2021,539,728,519,1346508,,1326585,561
06-Dec-2021,739,451,518,1347247,,1327036,554
07-Dec-2021,813,507,524,1348060,,1327543,553
08-Dec-2021,714,636,558,1348774,,1328179,546
09-Dec-2021,647,685,579,1349421,,1328864,546
10-Dec-2021,607,555,598,1350028,,1329419,550
11-Dec-2021,236,544,615,1350264,,1329963,554
12-Dec-2021,492,709,613,1350756,,1330672,586
13-Dec-2021,771,427,606,1351527,,1331099,583
14-Dec-2021,702,465,611,1352229,,1331564,580
15-Dec-2021,789,669,595,1353018,,1332233,574
16-Dec-2021,863,836,606,1353881,,1333069,579
17-Dec-2021,877,700,637,1354758,,1333769,600
18-Dec-2021,393,426,675,1355151,,1334195,621
19-Dec-2021,1021,741,698,1356172,,1334936,604
20-Dec-2021,1329,504,773,1357501,,1335440,609
21-Dec-2021,1200,441,853,1358701,,1335881,620
22-Dec-2021,1417,638,924,1360118,,1336519,616
23-Dec-2021,1514,674,1014,1361632,,1337193,612
24-Dec-2021,1790,667,1107,1363422,,1337860,589
25-Dec-2021,806,458,1237,1364228,,1338318,584
26-Dec-2021,1806,905,1296,1366034,,1339223,589
27-Dec-2021,2974,774,1408,1369008,,1339997,612
28-Dec-2021,3245,1220,1643,1372253,,1341217,651
29-Dec-2021,4074,1220,1936,1376327,,1342437,762
30-Dec-2021,5080,1340,2315,1381407,,1343777,845
31-Dec-2021,5493,1162,2825,1386900,,1344939,940
01-Jan-2022,4231,1052,3354,1391131,,1345991,1011
02-Jan-2022,6615,1890,3843,1397746,תחילת חיסונים מנה 4 לבני 60 ומעלה ולצוותים רפואיים,1347881,1096
03-Jan-2022,10954,1467,4530,1408700,,1349348,1236
04-Jan-2022,12639,1857,5670,1421339,,1351205,1335
05-Jan-2022,18532,2722,7012,1439871,שינוי מדיניות בדיקות ובידודים - אנטיגן קובע מאומתים,1353927,1426
06-Jan-2022,19031,3562,9077,1458902,,1357489,1641
07-Jan-2022,21989,3720,11070,1480891,,1361209,1958
08-Jan-2022,22865,3158,13427,1503756,,1364367,2324
09-Jan-2022,31143,6225,16089,1534899,,1370592,2625
10-Jan-2022,41415,5050,19593,1576314,,1375642,3244
11-Jan-2022,46765,7034,23944,1623079,,1382676,3756
12-Jan-2022,48601,11854,28820,1671680,,1394530,4495
13-Jan-2022,49253,58238,33115,1720933,,1452768,5800
14-Jan-2022,45847,20187,37433,1766780,,1472955,13611
15-Jan-2022,45053,15940,40841,1811833,,1488895,15963
16-Jan-2022,64721,39768,44011,1876554,,1528663,17789
17-Jan-2022,71987,45401,48807,1948541,,1574064,22581
18-Jan-2022,73756,48875,53175,2022297,,1622939,28346
19-Jan-2022,74922,95313,57031,2097219,,1718252,34323
20-Jan-2022,75045,28371,60791,2172264,,1746623,46246
21-Jan-2022,65590,90129,64475,2237854,,1836752,41979
22-Jan-2022,67888,71939,67296,2305742,,1908691,51971
23-Jan-2022,85165,73850,70558,2390907,,1982541,59970
24-Jan-2022,83656,39967,73479,2474563,,2022508,64839
25-Jan-2022,76286,35034,75146,2550849,,2057542,64063
26-Jan-2022,67850,66038,75507,2618699,,2123580,62086
27-Jan-2022,57665,65829,74497,2676364,,2189409,57904
28-Jan-2022,53303,48975,72014,2729667,,2238384,63255
29-Jan-2022,49467,98262,70259,2779134,,2336646,57376
30-Jan-2022,74376,77958,67627,2853510,,2414604,61136
31-Jan-2022,67875,66530,66086,2921385,,2481134,61723
01-Feb-2022,60554,63304,63831,2981939,,2544438,65518
02-Feb-2022,60887,44590,61584,3042826,,2589028,69556
03-Feb-2022,46429,56641,60589,3089255,,2645669,66492
04-Feb-2022,22052,78074,58984,3111307,,2723743,65180
