date,amount,recovered,avg,sum,coronaEvents,recovered_cum,recoveredAvg
12-Feb-2020,0,0,,7,,101,
13-Feb-2020,0,0,0,7,,101,0
14-Feb-2020,0,0,0,7,,101,0
15-Feb-2020,0,0,0,7,,101,0
16-Feb-2020,0,0,0,7,,101,0
17-Feb-2020,0,0,0,7,,101,0
18-Feb-2020,0,0,0,7,,101,0
19-Feb-2020,0,0,0,7,,101,0
20-Feb-2020,0,1,0,7,,102,0
21-Feb-2020,1,0,0,8,,102,0
22-Feb-2020,0,0,0,8,,102,0
23-Feb-2020,0,0,0,8,,102,0
24-Feb-2020,1,0,0,9,,102,0
25-Feb-2020,0,0,0,9,,102,0
26-Feb-2020,0,0,0,9,,102,0
27-Feb-2020,1,0,0,10,,102,0
28-Feb-2020,3,0,0,13,,102,0
29-Feb-2020,0,0,0,13,,102,0
01-Mar-2020,1,0,0,14,,102,0
02-Mar-2020,5,0,0,19,,102,0
03-Mar-2020,3,0,1,22,,102,0
04-Mar-2020,0,0,1,22,,102,0
05-Mar-2020,9,0,1,31,,102,0
06-Mar-2020,4,0,3,35,,102,0
07-Mar-2020,4,0,3,39,,102,0
08-Mar-2020,9,0,3,48,,102,0
09-Mar-2020,4,0,4,52,,102,0
10-Mar-2020,33,0,4,85,,102,0
11-Mar-2020,19,0,9,104,,102,0
12-Mar-2020,22,0,11,126,,102,0
13-Mar-2020,35,1,13,161,,103,0
14-Mar-2020,29,0,18,190,סגר ראשון ,103,0
15-Mar-2020,40,0,21,230,,103,0
16-Mar-2020,73,0,26,303,,103,0
17-Mar-2020,94,2,35,397,,105,0
18-Mar-2020,125,2,44,522,,107,0
19-Mar-2020,136,4,59,658,,111,0
20-Mar-2020,168,1,76,826,,112,1
21-Mar-2020,209,0,95,1035,,112,1
22-Mar-2020,252,5,120,1287,,117,1
23-Mar-2020,350,6,151,1637,,123,2
24-Mar-2020,420,5,190,2057,,128,2
25-Mar-2020,424,6,237,2481,,134,3
26-Mar-2020,519,10,279,3000,,144,3
27-Mar-2020,432,18,334,3432,,162,4
28-Mar-2020,476,9,372,3908,,171,7
29-Mar-2020,528,14,410,4436,,185,8
30-Mar-2020,551,33,449,4987,,218,9
31-Mar-2020,737,43,478,5724,,261,13
01-Apr-2020,694,32,523,6418,,293,19
02-Apr-2020,724,79,562,7142,,372,22
03-Apr-2020,600,55,591,7742,,427,32
04-Apr-2020,428,53,615,8170,,480,37
05-Apr-2020,584,101,608,8754,,581,44
06-Apr-2020,449,119,616,9203,,700,56
07-Apr-2020,376,120,602,9579,,820,68
08-Apr-2020,340,106,550,9919,,926,79
09-Apr-2020,340,110,500,10259,,1036,90
10-Apr-2020,356,127,445,10615,,1163,94
11-Apr-2020,342,121,410,10957,,1284,105
12-Apr-2020,551,258,398,11508,,1542,114
13-Apr-2020,437,279,393,11945,,1821,137
14-Apr-2020,394,286,391,12339,,2107,160
15-Apr-2020,305,280,394,12644,,2387,183
16-Apr-2020,296,328,389,12940,,2715,208
17-Apr-2020,297,357,383,13237,,3072,239
18-Apr-2020,288,250,374,13525,,3322,272
19-Apr-2020,274,381,366,13799,פתיחת משק חלקית לאחר סגר ראשון,3703,291
20-Apr-2020,297,449,327,14096,,4152,308
21-Apr-2020,279,373,307,14375,,4525,333
22-Apr-2020,226,391,290,14601,,4916,345
23-Apr-2020,275,330,279,14876,,5246,361
24-Apr-2020,249,337,276,15125,,5583,361
25-Apr-2020,159,376,269,15284,,5959,358
26-Apr-2020,82,431,251,15366,,6390,376
27-Apr-2020,127,469,223,15493,,6859,383
28-Apr-2020,161,565,199,15654,,7424,386
29-Apr-2020,82,351,182,15736,,7775,414
30-Apr-2020,143,426,162,15879,,8201,408
01-May-2020,116,423,143,15995,,8624,422
02-May-2020,57,279,124,16052,,8903,434
03-May-2020,27,287,109,16079,,9190,420
04-May-2020,55,259,101,16134,,9449,400
05-May-2020,33,318,91,16167,,9767,370
06-May-2020,65,261,73,16232,,10028,334
07-May-2020,61,225,70,16293,,10253,321
08-May-2020,33,222,59,16326,,10475,293
09-May-2020,20,91,47,16346,,10566,264
10-May-2020,29,168,42,16375,,10734,237
11-May-2020,39,328,42,16414,,11062,220
12-May-2020,23,258,40,16437,,11320,230
13-May-2020,39,177,38,16476,,11497,221
14-May-2020,22,240,34,16498,,11737,209
15-May-2020,12,160,29,16510,,11897,212
16-May-2020,5,102,26,16515,,11999,203
17-May-2020,15,150,24,16530,,12149,204
18-May-2020,27,274,22,16557,,12423,202
19-May-2020,22,152,20,16579,,12575,194
20-May-2020,15,110,20,16594,,12685,179
21-May-2020,18,122,16,16612,,12807,169
22-May-2020,19,162,16,16631,,12969,152
23-May-2020,5,44,17,16636,,13013,153
24-May-2020,13,115,17,16649,,13128,144
25-May-2020,22,132,17,16671,,13260,139
26-May-2020,50,91,16,16721,,13351,119
27-May-2020,40,60,20,16761,פתיחת משק מלאה לאחר סגר ראשון,13411,110
28-May-2020,77,113,23,16838,,13524,103
29-May-2020,113,39,32,16951,,13563,102
30-May-2020,29,41,45,16980,,13604,84
31-May-2020,87,61,49,17067,,13665,84
01-Jun-2020,100,68,59,17167,,13733,76
02-Jun-2020,121,53,70,17288,,13786,67
03-Jun-2020,96,27,81,17384,,13813,62
04-Jun-2020,142,42,89,17526,,13855,57
05-Jun-2020,127,37,98,17653,,13892,47
06-Jun-2020,78,24,100,17731,,13916,47
07-Jun-2020,140,42,107,17871,,13958,44
08-Jun-2020,179,39,114,18050,,13997,41
09-Jun-2020,174,46,126,18224,,14043,37
10-Jun-2020,241,52,133,18465,,14095,36
11-Jun-2020,192,55,154,18657,,14150,40
12-Jun-2020,184,54,161,18841,,14204,42
13-Jun-2020,149,41,169,18990,,14245,44
14-Jun-2020,137,50,179,19127,,14295,47
15-Jun-2020,200,88,179,19327,,14383,48
16-Jun-2020,298,51,182,19625,,14434,55
17-Jun-2020,270,48,200,19895,,14482,55
18-Jun-2020,303,50,204,20198,,14532,55
19-Jun-2020,311,57,220,20509,,14589,54
20-Jun-2020,161,37,238,20670,,14626,55
21-Jun-2020,174,50,240,20844,,14676,54
22-Jun-2020,344,60,245,21188,,14736,54
23-Jun-2020,452,85,265,21640,,14821,50
24-Jun-2020,486,72,287,22126,,14893,55
25-Jun-2020,516,77,318,22642,,14970,58
26-Jun-2020,464,130,349,23106,,15100,62
27-Jun-2020,397,50,371,23503,,15150,73
28-Jun-2020,383,140,404,23886,,15290,74
29-Jun-2020,759,167,434,24645,,15457,87
30-Jun-2020,789,127,493,25434,,15584,103
01-Jul-2020,968,99,542,26402,,15683,109
02-Jul-2020,1154,125,610,27556,,15808,112
03-Jul-2020,941,119,702,28497,,15927,119
04-Jul-2020,821,76,770,29318,,16003,118
05-Jul-2020,825,143,830,30143,,16146,121
06-Jul-2020,1128,196,893,31271,,16342,122
07-Jul-2020,1384,175,946,32655,,16517,126
08-Jul-2020,1329,226,1031,33984,,16743,133
09-Jul-2020,1522,225,1083,35506,,16968,151
10-Jul-2020,1407,212,1135,36913,,17180,165
11-Jul-2020,1169,191,1202,38082,,17371,179
12-Jul-2020,1236,336,1252,39318,,17707,195
13-Jul-2020,1717,362,1310,41035,,18069,223
14-Jul-2020,1601,314,1394,42636,,18383,246
15-Jul-2020,1873,361,1425,44509,,18744,266
16-Jul-2020,1936,508,1503,46445,,19252,285
17-Jul-2020,1601,481,1562,48046,,19733,326
18-Jul-2020,1445,448,1590,49491,,20181,364
19-Jul-2020,1016,517,1629,50507,,20698,401
20-Jul-2020,1887,626,1598,52394,,21324,427
21-Jul-2020,2004,641,1622,54398,,21965,465
22-Jul-2020,2041,3722,1680,56439,,25687,511
23-Jul-2020,1989,6738,1704,58428,,32425,991
24-Jul-2020,1824,1594,1711,60252,,34019,1881
25-Jul-2020,1110,589,1743,61362,,34608,2040
26-Jul-2020,1040,2734,1695,62402,,37342,2061
27-Jul-2020,2047,1764,1699,64449,,39106,2377
28-Jul-2020,2120,1551,1722,66569,,40657,2540
29-Jul-2020,1956,1398,1738,68525,,42055,2670
30-Jul-2020,1786,1683,1726,70311,,43738,2338
31-Jul-2020,1359,1299,1697,71670,,45037,1616
01-Aug-2020,623,535,1631,72293,,45572,1574
02-Aug-2020,708,2437,1561,73001,,48009,1566
03-Aug-2020,1799,1797,1514,74800,,49806,1523
04-Aug-2020,1726,1649,1478,76526,,51455,1528
05-Aug-2020,1686,1482,1422,78212,,52937,1542
06-Aug-2020,1675,1748,1383,79887,,54685,1554
07-Aug-2020,1762,1213,1368,81649,,55898,1563
08-Aug-2020,755,608,1425,82404,,56506,1551
09-Aug-2020,923,2334,1444,83327,,58840,1562
10-Aug-2020,1697,1396,1475,85024,,60236,1547
11-Aug-2020,1823,985,1460,86847,,61221,1490
12-Aug-2020,1617,1137,1474,88464,,62358,1395
13-Aug-2020,1641,1309,1464,90105,,63667,1345
14-Aug-2020,1389,986,1459,91494,,64653,1283
15-Aug-2020,754,567,1406,92248,,65220,1250
16-Aug-2020,1069,2223,1406,93317,,67443,1244
17-Aug-2020,1651,1193,1427,94968,,68636,1229
18-Aug-2020,1648,1117,1420,96616,,69753,1200
19-Aug-2020,1639,1479,1395,98255,,71232,1218
20-Aug-2020,1485,1432,1398,99740,,72664,1267
21-Aug-2020,1492,1039,1376,101232,,73703,1285
22-Aug-2020,710,666,1391,101942,,74369,1292
23-Aug-2020,964,2120,1384,102906,,76489,1307
24-Aug-2020,1901,1403,1369,104807,,77892,1292
25-Aug-2020,1958,798,1405,106765,,78690,1322
26-Aug-2020,1984,3642,1449,108749,,82332,1276
27-Aug-2020,2106,1514,1499,110855,,83846,1585
28-Aug-2020,1833,1832,1587,112688,,85678,1597
29-Aug-2020,909,710,1636,113597,,86388,1710
30-Aug-2020,1100,2266,1665,114697,,88654,1717
31-Aug-2020,2171,1473,1684,116868,,90127,1737
01-Sep-2020,2253,1009,1723,119121,,91136,1747
02-Sep-2020,3194,1401,1765,122315,,92537,1778
03-Sep-2020,2664,1801,1938,124979,,94338,1457
04-Sep-2020,2623,1193,2017,127602,,95531,1498
05-Sep-2020,1504,886,2130,129106,,96417,1407
06-Sep-2020,2175,2403,2215,131281,,98820,1432
07-Sep-2020,3386,1597,2369,134667,,100417,1452
08-Sep-2020,3487,1431,2542,138154,,101848,1470
09-Sep-2020,3991,1464,2719,142145,,103312,1530
10-Sep-2020,4158,1977,2832,146303,,105289,1539
11-Sep-2020,3971,1775,3046,150274,,107064,1564
12-Sep-2020,2716,1265,3238,152990,,108329,1647
13-Sep-2020,3172,3274,3412,156162,,111603,1701
14-Sep-2020,4804,2402,3554,160966,,114005,1826
15-Sep-2020,5528,2272,3757,166494,,116277,1941
16-Sep-2020,4568,2793,4048,171062,,119070,2061
17-Sep-2020,5378,3717,4131,176440,,122787,2251
18-Sep-2020,5333,2847,4305,181773,סגר שני,125634,2499
19-Sep-2020,3809,1443,4499,185582,,127077,2652
20-Sep-2020,2576,2480,4656,188158,,129557,2678
21-Sep-2020,3869,4659,4570,192027,,134216,2564
22-Sep-2020,7019,3509,4437,199046,,137725,2887
23-Sep-2020,7141,3818,4650,206187,,141543,3064
24-Sep-2020,8260,4594,5017,214447,,146137,3210
25-Sep-2020,8386,4149,5429,222833,,150286,3335
26-Sep-2020,5880,2395,5865,228713,,152681,3521
27-Sep-2020,3436,5697,6161,232149,,158378,3657
28-Sep-2020,1154,2172,6284,233303,,160550,4117
29-Sep-2020,4989,5789,5896,238292,,166339,3762
30-Sep-2020,9050,5143,5606,247342,,171482,4087
01-Oct-2020,7721,5770,5879,255063,,177252,4277
02-Oct-2020,7053,5597,5802,262116,,182849,4445
03-Oct-2020,2595,3505,5611,264711,,186354,4651
04-Oct-2020,2936,8113,5142,267647,,194467,4810
05-Oct-2020,5710,6977,5071,273357,,201444,5155
06-Oct-2020,4718,6433,5722,278075,,207877,5842
07-Oct-2020,4155,4903,5683,282230,,212780,5934
08-Oct-2020,3752,4812,4984,285982,,217592,5899
09-Oct-2020,2954,5105,4417,288936,,222697,5762
10-Oct-2020,916,3789,3831,289852,,226486,5692
11-Oct-2020,1638,7565,3591,291490,,234051,5733
12-Oct-2020,3154,5523,3406,294644,,239574,5654
13-Oct-2020,2335,5730,3041,296979,,245304,5447
14-Oct-2020,2118,5839,2700,299097,,251143,5346
15-Oct-2020,1611,5421,2409,300708,,256564,5480
16-Oct-2020,1496,3483,2103,302204,,260047,5567
17-Oct-2020,410,2513,1895,302614,,262560,5335
18-Oct-2020,923,4914,1823,303537,פתיחת סגר שני,267474,5153
19-Oct-2020,1516,2340,1721,305053,,269814,4774
20-Oct-2020,1192,1800,1487,306245,,271614,4320
21-Oct-2020,1170,3129,1323,307415,,274743,3758
22-Oct-2020,1032,3118,1188,308447,,277861,3371
23-Oct-2020,847,2430,1105,309294,,280291,3042
24-Oct-2020,247,1304,1012,309541,,281595,2892
25-Oct-2020,604,2675,989,310145,,284270,2719
26-Oct-2020,884,1288,944,311029,,285558,2399
27-Oct-2020,885,958,853,311914,,286516,2249
28-Oct-2020,725,1292,809,312639,,287808,2128
29-Oct-2020,647,1443,746,313286,,289251,1866
30-Oct-2020,681,1061,691,313967,,290312,1627
31-Oct-2020,228,796,667,314195,,291108,1431
01-Nov-2020,657,1512,664,314852,,292620,1359
02-Nov-2020,792,912,672,315644,,293532,1192
03-Nov-2020,844,727,659,316488,,294259,1139
04-Nov-2020,770,630,653,317258,,294889,1106
05-Nov-2020,570,843,659,317828,,295732,1011
06-Nov-2020,690,888,648,318518,,296620,925
07-Nov-2020,212,684,650,318730,הקלות סגר שני – פתיחת חנויות רחוב,297304,901
08-Nov-2020,535,679,647,319265,,297983,885
09-Nov-2020,722,920,630,319987,,298903,766
10-Nov-2020,674,337,620,320661,,299240,767
11-Nov-2020,768,1081,596,321429,,300321,711
12-Nov-2020,837,1205,595,322266,,301526,776
13-Nov-2020,761,733,634,323027,,302259,827
14-Nov-2020,292,420,644,323319,,302679,805
15-Nov-2020,628,969,655,323947,,303648,767
16-Nov-2020,874,658,668,324821,,304306,809
17-Nov-2020,830,579,690,325651,,304885,771
18-Nov-2020,797,795,712,326448,,305680,806
19-Nov-2020,771,752,717,327219,,306432,765
20-Nov-2020,772,669,707,327991,,307101,700
21-Nov-2020,423,448,709,328414,,307549,691
22-Nov-2020,763,998,727,329177,,308547,695
23-Nov-2020,961,653,747,330138,,309200,699
24-Nov-2020,859,544,759,330997,,309744,699
25-Nov-2020,1082,845,763,332079,,310589,694
26-Nov-2020,1086,925,804,333165,,311514,701
27-Nov-2020,1033,689,849,334198,הקלות סגר שני – פיילוט קניונים,312203,726
28-Nov-2020,583,415,886,334781,,312618,728
29-Nov-2020,1025,1106,909,335806,,313724,724
30-Nov-2020,1257,732,947,337063,,314456,739
01-Dec-2020,1200,700,989,338263,,315156,750
02-Dec-2020,1589,841,1038,339852,,315997,773
03-Dec-2020,1451,1423,1110,341303,,317420,772
04-Dec-2020,1515,862,1162,342818,,318282,843
05-Dec-2020,1001,593,1231,343819,,318875,868
06-Dec-2020,1359,1394,1291,345178,,320269,893
07-Dec-2020,1863,908,1338,347041,,321177,935
08-Dec-2020,1771,892,1425,348812,,322069,960
09-Dec-2020,1868,1025,1507,350680,,323094,987
10-Dec-2020,2010,1434,1546,352690,,324528,1013
11-Dec-2020,1835,1144,1626,354525,,325672,1015
12-Dec-2020,1297,917,1672,355822,,326589,1055
13-Dec-2020,1727,1903,1714,357549,,328492,1102
14-Dec-2020,2322,1264,1767,359871,,329756,1174
15-Dec-2020,2894,1204,1832,362765,,330960,1225
16-Dec-2020,2860,1623,1993,365625,,332583,1270
17-Dec-2020,2848,1950,2135,368473,,334533,1355
18-Dec-2020,2793,1555,2254,371266,,336088,1429
19-Dec-2020,1889,1083,2391,373155,,337171,1488
20-Dec-2020,3096,2567,2476,376251,תחילת חיסונים מנה 1,339738,1511
21-Dec-2020,3861,1556,2671,380112,,341294,1606
22-Dec-2020,4380,1628,2891,384492,,342922,1648
23-Dec-2020,4044,2025,3103,388536,,344947,1708
24-Dec-2020,4048,2863,3273,392584,,347810,1766
25-Dec-2020,4005,2399,3444,396589,,350209,1896
26-Dec-2020,2660,1805,3617,399249,,352014,2017
27-Dec-2020,3533,4206,3727,402782,סגר שלישי,356220,2120
28-Dec-2020,5525,2476,3790,408307,,358696,2354
29-Dec-2020,5633,2384,4027,413940,,361080,2486
30-Dec-2020,5871,3726,4206,419811,,364806,2594
31-Dec-2020,5869,4260,4467,425680,,369066,2837
01-Jan-2021,6013,3456,4728,431693,,372522,3036
02-Jan-2021,4213,2042,5014,435906,,374564,3187
03-Jan-2021,5233,5565,5236,441139,,380129,3221
04-Jan-2021,8424,3084,5479,449563,,383213,3415
05-Jan-2021,8234,2959,5893,457797,,386172,3502
06-Jan-2021,7885,4784,6265,465682,,390956,3584
07-Jan-2021,7664,5855,6553,473346,,396811,3735
08-Jan-2021,8162,4842,6809,481508,הידוק סגר שלישי,401653,3963
09-Jan-2021,5165,3083,7116,486673,,404736,4161
10-Jan-2021,6956,8354,7252,493629,תחילת חיסונים מנה 2,413090,4310
11-Jan-2021,9733,4846,7498,503362,,417936,4708
12-Jan-2021,9297,4571,7685,512659,,422507,4960
13-Jan-2021,9474,8021,7837,522133,,430528,5190
14-Jan-2021,9302,9206,8064,531435,,439734,5653
15-Jan-2021,8432,8009,8298,539867,,447743,6131
16-Jan-2021,5088,4280,8337,544955,,452023,6584
17-Jan-2021,5661,10908,8326,550616,,462931,6755
18-Jan-2021,10122,6175,8141,560738,,469106,7120
19-Jan-2021,8634,5514,8196,569372,,474620,7310
20-Jan-2021,8365,8774,8101,577737,,483394,7444
21-Jan-2021,7273,9992,7943,585010,,493386,7552
22-Jan-2021,7388,8475,7653,592398,,501861,7664
23-Jan-2021,2447,4182,7504,594845,,506043,7731
24-Jan-2021,4940,10561,7127,599785,,516604,7717
25-Jan-2021,8721,5627,7024,608506,,522231,7667
26-Jan-2021,7816,5098,6824,616322,,527329,7589
27-Jan-2021,7750,8686,6707,624072,,536015,7529
28-Jan-2021,7198,9230,6619,631270,,545245,7517
29-Jan-2021,6776,7559,6608,638046,,552804,7408
30-Jan-2021,2628,3549,6521,640674,,556353,7277
31-Jan-2021,5240,10111,6547,645914,,566464,7187
01-Feb-2021,8930,5130,6589,654844,,571594,7122
02-Feb-2021,8027,4406,6619,662871,,576000,7051
03-Feb-2021,7462,8198,6649,670333,,584198,6953
04-Feb-2021,7266,8151,6608,677599,,592349,6883
05-Feb-2021,6601,7268,6618,684200,,599617,6729
06-Feb-2021,2660,3056,6593,686860,,602673,6687
07-Feb-2021,4605,9726,6598,691465,פתיחת סגר שלשי ,612399,6617
08-Feb-2021,7857,5002,6507,699322,,617401,6562
09-Feb-2021,6166,4926,6354,705488,,622327,6543
10-Feb-2021,5679,8256,6088,711167,,630583,6618
11-Feb-2021,5020,8749,5833,716187,,639332,6626
12-Feb-2021,4674,7223,5512,720861,,646555,6711
13-Feb-2021,1890,3398,5237,722751,,649953,6705
14-Feb-2021,3489,9622,5127,726240,,659575,6754
15-Feb-2021,5199,4876,4967,731439,,664451,6739
16-Feb-2021,4580,3745,4588,736019,,668196,6721
17-Feb-2021,4169,6514,4361,740188,,674710,6552
18-Feb-2021,3335,7482,4145,743523,,682192,6303
19-Feb-2021,3793,5909,3905,747316,,688101,6122
20-Feb-2021,1255,3387,3779,748571,,691488,5935
21-Feb-2021,3112,7403,3688,751683,פתיחה חלקית של המשק לאחר סגר שלישי,698891,5933
22-Feb-2021,4809,3655,3634,756492,,702546,5616
23-Feb-2021,4443,3174,3579,760935,,705720,5442
24-Feb-2021,4373,5369,3559,765308,,711089,5360
25-Feb-2021,3819,5003,3588,769127,,716092,5197
26-Feb-2021,3820,3746,3657,772947,,719838,4842
27-Feb-2021,1442,1562,3661,774389,,721400,4533
28-Feb-2021,3058,5655,3688,777447,,727055,4273
01-Mar-2021,4865,2736,3680,782312,,729791,4023
02-Mar-2021,4382,2924,3688,786694,,732715,3892
03-Mar-2021,4670,4592,3679,791364,,737307,3856
04-Mar-2021,3658,4777,3722,795022,,742084,3745
05-Mar-2021,3709,3974,3699,798731,,746058,3713
06-Mar-2021,1876,1916,3683,800607,,747974,3745
07-Mar-2021,2353,5699,3745,802960,פתיחת משק מלאה לאחר סגר שלישי,753673,3796
08-Mar-2021,3795,2672,3644,806755,,756345,3802
09-Mar-2021,3128,2923,3491,809883,,759268,3793
10-Mar-2021,2842,4582,3312,812725,,763850,3793
11-Mar-2021,2553,4980,3051,815278,,768830,3791
12-Mar-2021,2413,3897,2893,817691,,772727,3820
13-Mar-2021,787,2025,2708,818478,,774752,3809
14-Mar-2021,1394,5800,2553,819872,,780552,3825
15-Mar-2021,2129,2647,2416,822001,,783199,3839
16-Mar-2021,1566,2241,2178,823567,,785440,3836
17-Mar-2021,1538,3623,1954,825105,,789063,3738
18-Mar-2021,1250,3593,1768,826355,,792656,3601
19-Mar-2021,1085,2544,1582,827440,,795200,3403
20-Mar-2021,351,1459,1392,827791,,796659,3210
21-Mar-2021,681,3488,1330,828472,,800147,3129
22-Mar-2021,977,1688,1228,829449,,801835,2799
23-Mar-2021,693,742,1064,830142,,802577,2662
24-Mar-2021,477,2251,939,830619,,804828,2448
25-Mar-2021,847,2095,787,831466,,806923,2252
26-Mar-2021,524,1496,730,831990,,808419,2038
27-Mar-2021,231,857,650,832221,,809276,1888
28-Mar-2021,130,880,632,832351,,810156,1802
29-Mar-2021,363,1469,554,832714,,811625,1429
30-Mar-2021,443,821,466,833157,,812446,1398
31-Mar-2021,497,1079,430,833654,,813525,1409
01-Apr-2021,335,1063,433,833989,,814588,1242
02-Apr-2021,419,637,360,834408,,815225,1095
03-Apr-2021,124,463,345,834532,,815688,972
04-Apr-2021,197,1059,330,834729,,816747,916
05-Apr-2021,383,509,339,835112,,817256,941
06-Apr-2021,307,492,342,835419,,817748,804
07-Apr-2021,275,426,323,835694,,818174,757
08-Apr-2021,212,638,291,835906,,818812,664
09-Apr-2021,226,577,273,836132,,819389,603
10-Apr-2021,86,387,246,836218,,819776,594
11-Apr-2021,141,778,240,836359,,820554,584
12-Apr-2021,224,359,232,836583,,820913,543
13-Apr-2021,198,379,210,836781,,821292,522
14-Apr-2021,195,484,194,836976,,821776,506
15-Apr-2021,95,261,183,837071,,822037,514
16-Apr-2021,111,366,166,837182,,822403,460
17-Apr-2021,83,211,150,837265,,822614,430
18-Apr-2021,148,547,149,837413,פתיחת לימודים ללא קפסולות,823161,405
19-Apr-2021,134,204,150,837547,,823365,372
20-Apr-2021,163,227,137,837710,,823592,350
21-Apr-2021,115,235,132,837825,,823827,328
22-Apr-2021,131,334,121,837956,,824161,293
23-Apr-2021,111,265,126,838067,,824426,303
24-Apr-2021,39,115,126,838106,,824541,289
25-Apr-2021,78,192,120,838184,,824733,275
26-Apr-2021,96,146,110,838280,,824879,224
27-Apr-2021,88,150,104,838368,,825029,216
28-Apr-2021,99,178,94,838467,,825207,205
29-Apr-2021,95,171,91,838562,,825378,197
30-Apr-2021,79,131,86,838641,,825509,173
01-May-2021,15,71,82,838656,,825580,154
02-May-2021,51,217,78,838707,,825797,148
03-May-2021,67,152,74,838774,,825949,152
04-May-2021,63,108,70,838837,,826057,152
05-May-2021,68,139,67,838905,,826196,146
06-May-2021,50,144,62,838955,,826340,141
07-May-2021,34,88,56,838989,,826428,137
08-May-2021,16,64,49,839005,,826492,131
09-May-2021,33,145,49,839038,,826637,130
10-May-2021,52,57,47,839090,,826694,120
11-May-2021,37,86,45,839127,,826780,106
12-May-2021,28,94,41,839155,,826874,103
13-May-2021,31,74,35,839186,,826948,96
14-May-2021,27,65,33,839213,,827013,86
15-May-2021,20,45,32,839233,,827058,83
16-May-2021,31,101,32,839264,,827159,80
17-May-2021,15,18,32,839279,,827177,74
18-May-2021,23,92,27,839302,,827269,69
19-May-2021,56,92,25,839358,,827361,69
20-May-2021,35,75,29,839393,,827436,69
21-May-2021,22,34,29,839415,,827470,69
22-May-2021,12,25,28,839427,,827495,65
23-May-2021,26,86,27,839453,,827581,62
24-May-2021,30,30,27,839483,,827611,60
25-May-2021,22,42,29,839505,,827653,62
26-May-2021,15,36,29,839520,,827689,54
27-May-2021,14,38,23,839534,,827727,46
28-May-2021,18,40,20,839552,,827767,41
29-May-2021,13,17,19,839565,,827784,42
30-May-2021,3,70,19,839568,,827854,41
31-May-2021,14,28,16,839582,,827882,39
01-Jun-2021,35,36,14,839617,,827918,38
02-Jun-2021,13,48,16,839630,,827966,37
03-Jun-2021,10,137,15,839640,,828103,39
04-Jun-2021,31,12,15,839671,,828115,53
05-Jun-2021,6,6,17,839677,,828121,49
06-Jun-2021,4,54,16,839681,,828175,48
07-Jun-2021,7,52,16,839688,,828227,45
08-Jun-2021,30,15,15,839718,,828242,49
09-Jun-2021,7,21,14,839725,,828263,46
10-Jun-2021,18,32,13,839743,,828295,42
11-Jun-2021,18,19,14,839761,,828314,27
12-Jun-2021,5,14,12,839766,,828328,28
13-Jun-2021,3,28,12,839769,,828356,29
14-Jun-2021,26,21,12,839795,,828377,25
15-Jun-2021,26,15,15,839821,,828392,21
16-Jun-2021,13,9,14,839834,,828401,21
17-Jun-2021,28,44,15,839862,,828445,19
18-Jun-2021,35,12,17,839897,,828457,21
19-Jun-2021,47,9,19,839944,,828466,20
20-Jun-2021,50,86,25,839994,,828552,19
21-Jun-2021,125,38,32,840119,,828590,28
22-Jun-2021,110,10,46,840229,,828600,30
23-Jun-2021,142,25,58,840371,,828625,29
24-Jun-2021,234,41,76,840605,,828666,32
25-Jun-2021,232,16,106,840837,,828682,31
26-Jun-2021,117,15,134,840954,,828697,32
27-Jun-2021,145,72,144,841099,,828769,33
28-Jun-2021,289,57,157,841388,,828826,31
29-Jun-2021,297,75,181,841685,הפעלת התו הירוק במתחמים מעל 100 איש בגל הרביעי,828901,33
30-Jun-2021,312,93,208,841997,,828994,43
01-Jul-2021,299,164,232,842296,,829158,52
02-Jul-2021,335,136,241,842631,,829294,70
03-Jul-2021,188,96,256,842819,,829390,87
04-Jul-2021,349,286,266,843168,,829676,99
05-Jul-2021,504,195,295,843672,,829871,129
06-Jul-2021,528,177,326,844200,,830048,149
07-Jul-2021,525,245,359,844725,,830293,163
08-Jul-2021,469,326,389,845194,,830619,185
09-Jul-2021,535,248,414,845729,,830867,208
10-Jul-2021,261,133,442,845990,,831000,224
11-Jul-2021,443,427,453,846433,,831427,230
12-Jul-2021,764,282,466,847197,,831709,250
13-Jul-2021,746,329,503,847943,,832038,262
14-Jul-2021,773,450,534,848716,,832488,284
15-Jul-2021,863,563,570,849579,,833051,313
16-Jul-2021,1136,473,626,850715,,833524,347
17-Jul-2021,435,202,712,851150,,833726,379
18-Jul-2021,838,645,737,851988,,834371,389
19-Jul-2021,1386,448,793,853374,,834819,420
20-Jul-2021,1413,383,882,854787,,835202,444
21-Jul-2021,1350,643,977,856137,,835845,452
22-Jul-2021,1287,782,1060,857424,,836627,479
23-Jul-2021,1442,697,1120,858866,,837324,510
24-Jul-2021,973,409,1164,859839,,837733,542
25-Jul-2021,1418,1306,1241,861257,,839039,572
26-Jul-2021,2135,835,1324,863392,,839874,666
27-Jul-2021,2290,899,1431,865682,,840773,722
28-Jul-2021,2192,1149,1556,867874,,841922,795
29-Jul-2021,2179,1360,1676,870053,,843282,868
30-Jul-2021,2444,1232,1804,872497,,844514,950
31-Jul-2021,2103,583,1947,874600,,845097,1027
01-Aug-2021,2126,1911,2108,876726,תחילת חיסונים מנה 3,847008,1052
02-Aug-2021,3862,1116,2209,880588,,848124,1138
03-Aug-2021,3312,1254,2456,883900,,849378,1178
04-Aug-2021,3510,1848,2602,887410,,851226,1229
05-Aug-2021,3886,2264,2790,891296,,853490,1329
06-Aug-2021,3890,1908,3034,895186,,855398,1458
07-Aug-2021,2936,1011,3241,898122,,856409,1554
08-Aug-2021,3447,3270,3360,901569,,859679,1616
09-Aug-2021,6382,2004,3549,907951,,861683,1810
10-Aug-2021,5859,2357,3909,913810,,864040,1937
11-Aug-2021,6028,3264,4272,919838,,867304,2094
12-Aug-2021,6154,3639,4632,925992,,870943,2296
13-Aug-2021,5975,3253,4956,931967,,874196,2493
14-Aug-2021,4233,1578,5254,936200,,875774,2685
15-Aug-2021,5199,5078,5439,941399,,880852,2766
16-Aug-2021,8800,3421,5690,950199,,884273,3024
17-Aug-2021,7994,3329,6035,958193,,887602,3227
18-Aug-2021,8037,5288,6340,966230,,892890,3366
19-Aug-2021,7842,5871,6627,974072,,898761,3655
20-Aug-2021,7907,5476,6868,981979,,904237,3974
21-Aug-2021,5417,2725,7144,987396,,906962,4291
22-Aug-2021,6593,8200,7313,993989,,915162,4455
23-Aug-2021,10114,4999,7512,1004103,,920161,4901
24-Aug-2021,10086,4891,7700,1014189,,925052,5126
25-Aug-2021,9243,7720,7999,1023432,,932772,5350
26-Aug-2021,9124,8586,8171,1032556,,941358,5697
27-Aug-2021,8698,7910,8354,1041254,,949268,6085
28-Aug-2021,7280,3938,8467,1048534,,953206,6433
29-Aug-2021,6792,10680,8734,1055326,,963886,6606
30-Aug-2021,11158,6887,8762,1066484,,970773,6960
31-Aug-2021,10449,6360,8911,1076933,,977133,7230
01-Sep-2021,11301,9312,8963,1088234,,986445,7440
02-Sep-2021,11345,10538,9257,1099579,,996983,7667
03-Sep-2021,9912,9306,9574,1109491,,1006289,7946
04-Sep-2021,5067,5173,9748,1114558,,1011462,8145
05-Sep-2021,5866,12389,9432,1120424,,1023851,8322
06-Sep-2021,10870,9163,9299,1131294,,1033014,8566
07-Sep-2021,6866,4918,9258,1138160,,1037932,8891
08-Sep-2021,3320,5853,8746,1141480,,1043785,8685
09-Sep-2021,7958,13168,7606,1149438,,1056953,8191
10-Sep-2021,9902,11431,7122,1159340,,1068384,8567
11-Sep-2021,10292,5790,7121,1169632,,1074174,8870
12-Sep-2021,7808,12740,7867,1177440,,1086914,8958
13-Sep-2021,10953,7687,8145,1188393,,1094601,9009
14-Sep-2021,9858,6836,8157,1198251,,1101437,8798
15-Sep-2021,8862,10034,8584,1207113,,1111471,9072
16-Sep-2021,3285,3822,9376,1210398,,1115293,9669
17-Sep-2021,5024,6885,8708,1215422,,1122178,8334
18-Sep-2021,8616,3751,8011,1224038,,1125929,7684
19-Sep-2021,6552,15929,7772,1230590,,1141858,7393
20-Sep-2021,8827,10736,7592,1239417,,1152594,7849
21-Sep-2021,4830,4130,7289,1244247,,1156724,8284
22-Sep-2021,6026,11592,6570,1250273,,1168316,7898
23-Sep-2021,6454,9741,6165,1256727,,1178057,8120
24-Sep-2021,4990,7797,6618,1261717,,1185854,8966
25-Sep-2021,2653,3164,6613,1264370,,1189018,9096
26-Sep-2021,3874,5363,5761,1268244,,1194381,9012
27-Sep-2021,5245,8961,5379,1273489,,1203342,7503
28-Sep-2021,2442,5205,4867,1275931,,1208547,7249
29-Sep-2021,3634,9562,4526,1279565,,1218109,7403
30-Sep-2021,4398,6803,4184,1283963,,1224912,7113
01-Oct-2021,3623,4968,3890,1287586,,1229880,6693
02-Oct-2021,1739,3658,3695,1289325,,1233538,6289
03-Oct-2021,2702,7689,3565,1292027,הנחיות חדשות בתו הירוק ,1241227,6360
04-Oct-2021,3277,4486,3397,1295304,,1245713,6692
05-Oct-2021,2556,4090,3116,1297860,,1249803,6053
06-Oct-2021,2426,4663,3132,1300286,,1254466,5893
07-Oct-2021,2120,3951,2960,1302406,,1258417,5193
08-Oct-2021,2023,3139,2634,1304429,,1261556,4786
09-Oct-2021,1040,3011,2406,1305469,,1264567,4525
10-Oct-2021,1493,5205,2306,1306962,,1269772,4432
11-Oct-2021,2343,2695,2133,1309305,,1272467,4077
12-Oct-2021,1816,2950,2000,1311121,,1275417,3822
13-Oct-2021,1772,3231,1894,1312893,,1278648,3659
14-Oct-2021,1345,3152,1801,1314238,,1281800,3454
15-Oct-2021,1575,2203,1690,1315813,,1284003,3340
16-Oct-2021,740,1205,1626,1316553,,1285208,3206
17-Oct-2021,1222,3024,1583,1317775,,1288232,2948
18-Oct-2021,1508,1843,1544,1319283,,1290075,2637
19-Oct-2021,1150,1755,1425,1320433,,1291830,2515
20-Oct-2021,1035,2311,1330,1321468,,1294141,2344
21-Oct-2021,993,2341,1225,1322461,,1296482,2213
22-Oct-2021,982,1749,1174,1323443,,1298231,2097
23-Oct-2021,332,958,1090,1323775,,1299189,2032
24-Oct-2021,842,2268,1031,1324617,,1301457,1997
25-Oct-2021,929,1363,977,1325546,,1302820,1889
26-Oct-2021,729,1377,894,1326275,,1304197,1820
27-Oct-2021,647,1524,834,1326922,,1305721,1766
28-Oct-2021,662,1377,779,1327584,,1307098,1654
29-Oct-2021,618,1185,731,1328202,,1308283,1516
30-Oct-2021,226,652,679,1328428,,1308935,1436
31-Oct-2021,529,1406,664,1328957,,1310341,1392
01-Nov-2021,691,820,620,1329648,היתר כניסת תיירים לישראל על פי מתווה,1311161,1269
02-Nov-2021,667,878,586,1330315,,1312039,1191
03-Nov-2021,616,986,577,1330931,,1313025,1120
04-Nov-2021,518,1009,572,1331449,,1314034,1043
05-Nov-2021,558,675,552,1332007,,1314709,990
06-Nov-2021,199,440,543,1332206,,1315149,918
07-Nov-2021,501,895,539,1332707,,1316044,887
08-Nov-2021,566,514,535,1333273,,1316558,814
09-Nov-2021,473,532,517,1333746,,1317090,771
10-Nov-2021,498,732,490,1334244,,1317822,721
11-Nov-2021,393,707,473,1334637,,1318529,685
12-Nov-2021,448,625,455,1335085,,1319154,642
13-Nov-2021,226,372,439,1335311,,1319526,635
14-Nov-2021,397,699,443,1335708,,1320225,625
15-Nov-2021,535,462,428,1336243,,1320687,597
16-Nov-2021,558,518,424,1336801,,1321205,589
17-Nov-2021,483,558,436,1337284,,1321763,587
18-Nov-2021,469,620,434,1337753,,1322383,563
19-Nov-2021,508,388,445,1338261,,1322771,550
20-Nov-2021,237,302,453,1338498,,1323073,516
21-Nov-2021,452,689,455,1338950,,1323762,506
22-Nov-2021,716,320,463,1339666,תחילת מבצע חיסונים לילדים בני 5-11,1324082,505
23-Nov-2021,606,346,489,1340272,,1324428,485
24-Nov-2021,543,517,495,1340815,,1324945,460
25-Nov-2021,538,574,504,1341353,,1325519,454
26-Nov-2021,540,409,514,1341893,,1325928,448
27-Nov-2021,169,317,518,1342062,,1326245,451
28-Nov-2021,543,785,509,1342605,,1327030,453
29-Nov-2021,698,462,522,1343303,,1327492,466
30-Nov-2021,577,555,519,1343880,,1328047,487
01-Dec-2021,563,648,515,1344443,,1328695,517
02-Dec-2021,518,660,518,1344961,,1329355,535
03-Dec-2021,486,531,515,1345447,,1329886,548
04-Dec-2021,248,323,507,1345695,,1330209,565
05-Dec-2021,539,736,519,1346234,,1330945,566
06-Dec-2021,739,459,518,1346973,,1331404,559
07-Dec-2021,813,514,524,1347786,,1331918,558
08-Dec-2021,714,644,558,1348500,,1332562,553
09-Dec-2021,646,692,579,1349146,,1333254,552
10-Dec-2021,607,561,597,1349753,,1333815,557
11-Dec-2021,236,548,615,1349989,,1334363,561
12-Dec-2021,492,717,613,1350481,,1335080,593
13-Dec-2021,771,427,606,1351252,,1335507,590
14-Dec-2021,701,467,611,1351953,,1335974,586
15-Dec-2021,789,673,595,1352742,,1336647,579
16-Dec-2021,864,849,606,1353606,,1337496,583
17-Dec-2021,877,703,637,1354483,,1338199,606
18-Dec-2021,392,430,675,1354875,,1338629,626
19-Dec-2021,1022,755,698,1355897,,1339384,609
20-Dec-2021,1329,511,773,1357226,,1339895,614
21-Dec-2021,1200,450,853,1358426,,1340345,626
22-Dec-2021,1418,642,924,1359844,,1340987,624
23-Dec-2021,1516,679,1014,1361360,,1341666,620
24-Dec-2021,1790,671,1107,1363150,,1342337,595
25-Dec-2021,806,465,1238,1363956,,1342802,591
26-Dec-2021,1805,917,1297,1365761,,1343719,596
27-Dec-2021,2974,775,1409,1368735,,1344494,619
28-Dec-2021,3247,1228,1644,1371982,,1345722,657
29-Dec-2021,4074,1230,1936,1376056,,1346952,768
30-Dec-2021,5083,1350,2316,1381139,,1348302,852
31-Dec-2021,5494,1171,2825,1386633,,1349473,948
01-Jan-2022,4230,1060,3354,1390863,,1350533,1019
02-Jan-2022,6618,1905,3843,1397481,תחילת חיסונים מנה 4 לבני 60 ומעלה ולצוותים רפואיים,1352438,1104
03-Jan-2022,10955,1471,4531,1408436,,1353909,1245
04-Jan-2022,12643,1867,5671,1421079,,1355776,1345
05-Jan-2022,18372,2741,7013,1439451,,1358517,1436
06-Jan-2022,18861,3594,9056,1458312,,1362111,1652
07-Jan-2022,21883,3753,11024,1480195,שינוי מדיניות בדיקות ובידודים ,1365864,1972
08-Jan-2022,22764,3174,13366,1502959,,1369038,2341
09-Jan-2022,31208,6287,16013,1534167,,1375325,2643
10-Jan-2022,37887,5082,19526,1572054,,1380407,3269
11-Jan-2022,4726,2146,23374,1576780,,1382553,3785
