date,amount,recovered,avg,sum,coronaEvents,recovered_cum,recoveredAvg
2020-02-12,0,0,,9,,109,
2020-02-13,0,0,0.0,9,,109,0.0
2020-02-14,0,0,0.0,9,,109,0.0
2020-02-15,0,0,0.0,9,,109,0.0
2020-02-16,0,0,0.0,9,,109,0.0
2020-02-17,0,0,0.0,9,,109,0.0
2020-02-18,0,0,0.0,9,,109,0.0
2020-02-19,0,0,0.0,9,,109,0.0
2020-02-20,0,1,0.0,9,,110,0.0
2020-02-21,1,0,0.0,10,,110,0.0
2020-02-22,0,0,0.0,10,,110,0.0
2020-02-23,0,0,0.0,10,,110,0.0
2020-02-24,1,0,0.0,11,,110,0.0
2020-02-25,0,0,0.0,11,,110,0.0
2020-02-26,0,0,0.0,11,,110,0.0
2020-02-27,1,0,0.0,12,,110,0.0
2020-02-28,3,0,0.0,15,,110,0.0
2020-02-29,0,0,0.0,15,,110,0.0
2020-03-01,1,0,0.0,16,,110,0.0
2020-03-02,5,0,0.0,21,,110,0.0
2020-03-03,3,0,1.0,24,,110,0.0
2020-03-04,0,0,1.0,24,,110,0.0
2020-03-05,9,0,1.0,33,,110,0.0
2020-03-06,4,0,3.0,37,,110,0.0
2020-03-07,4,0,3.0,41,,110,0.0
2020-03-08,9,0,3.0,50,,110,0.0
2020-03-09,4,0,4.0,54,,110,0.0
2020-03-10,33,0,4.0,87,,110,0.0
2020-03-11,18,0,9.0,105,,110,0.0
2020-03-12,23,0,11.0,128,,110,0.0
2020-03-13,35,1,13.0,163,,111,0.0
2020-03-14,29,0,18.0,192,סגר ראשון ,111,0.0
2020-03-15,40,0,21.0,232,,111,0.0
2020-03-16,73,0,26.0,305,,111,0.0
2020-03-17,94,2,35.0,399,,113,0.0
2020-03-18,125,2,44.0,524,,115,0.0
2020-03-19,135,4,59.0,659,,119,0.0
2020-03-20,168,1,75.0,827,,120,1.0
2020-03-21,209,0,94.0,1036,,120,1.0
2020-03-22,252,5,120.0,1288,,125,1.0
2020-03-23,349,5,150.0,1637,,130,2.0
2020-03-24,418,5,190.0,2055,,135,2.0
2020-03-25,423,6,236.0,2478,,141,3.0
2020-03-26,519,8,279.0,2997,,149,3.0
2020-03-27,431,18,334.0,3428,,167,4.0
2020-03-28,476,9,371.0,3904,,176,6.0
2020-03-29,529,14,409.0,4433,,190,8.0
2020-03-30,549,33,449.0,4982,,223,9.0
2020-03-31,737,43,477.0,5719,,266,13.0
2020-04-01,693,32,523.0,6412,,298,18.0
2020-04-02,724,77,562.0,7136,,375,22.0
2020-04-03,600,54,591.0,7736,,429,32.0
2020-04-04,427,52,615.0,8163,,481,37.0
2020-04-05,584,100,608.0,8747,,581,43.0
2020-04-06,449,118,616.0,9196,,699,55.0
2020-04-07,376,120,602.0,9572,,819,68.0
2020-04-08,340,105,550.0,9912,,924,79.0
2020-04-09,340,110,500.0,10252,,1034,89.0
2020-04-10,355,123,445.0,10607,,1157,94.0
2020-04-11,342,119,410.0,10949,,1276,104.0
2020-04-12,551,258,398.0,11500,,1534,113.0
2020-04-13,437,276,393.0,11937,,1810,136.0
2020-04-14,393,285,391.0,12330,,2095,158.0
2020-04-15,305,275,394.0,12635,,2370,182.0
2020-04-16,296,328,389.0,12931,,2698,206.0
2020-04-17,297,355,382.0,13228,,3053,237.0
2020-04-18,288,249,374.0,13516,,3302,270.0
2020-04-19,274,379,366.0,13790,פתיחת משק חלקית לאחר סגר ראשון,3681,289.0
2020-04-20,297,447,327.0,14087,,4128,306.0
2020-04-21,279,371,307.0,14366,,4499,331.0
2020-04-22,226,390,290.0,14592,,4889,343.0
2020-04-23,274,325,279.0,14866,,5214,359.0
2020-04-24,250,336,276.0,15116,,5550,359.0
2020-04-25,159,374,269.0,15275,,5924,356.0
2020-04-26,82,429,251.0,15357,,6353,374.0
2020-04-27,127,466,223.0,15484,,6819,381.0
2020-04-28,161,563,199.0,15645,,7382,384.0
2020-04-29,82,349,182.0,15727,,7731,411.0
2020-04-30,143,426,162.0,15870,,8157,406.0
2020-05-01,116,421,143.0,15986,,8578,420.0
2020-05-02,57,275,124.0,16043,,8853,432.0
2020-05-03,26,283,109.0,16069,,9136,418.0
2020-05-04,55,257,101.0,16124,,9393,397.0
2020-05-05,33,315,91.0,16157,,9708,367.0
2020-05-06,65,259,73.0,16222,,9967,332.0
2020-05-07,61,224,70.0,16283,,10191,319.0
2020-05-08,33,222,59.0,16316,,10413,290.0
2020-05-09,20,90,47.0,16336,,10503,262.0
2020-05-10,29,168,41.0,16365,,10671,235.0
2020-05-11,39,327,42.0,16404,,10998,219.0
2020-05-12,23,257,40.0,16427,,11255,229.0
2020-05-13,39,176,38.0,16466,,11431,221.0
2020-05-14,22,238,34.0,16488,,11669,209.0
2020-05-15,12,159,29.0,16500,,11828,211.0
2020-05-16,5,99,26.0,16505,,11927,202.0
2020-05-17,15,147,24.0,16520,,12074,203.0
2020-05-18,27,272,22.0,16547,,12346,200.0
2020-05-19,22,149,20.0,16569,,12495,192.0
2020-05-20,15,108,20.0,16584,,12603,177.0
2020-05-21,18,121,16.0,16602,,12724,167.0
2020-05-22,19,160,16.0,16621,,12884,150.0
2020-05-23,5,42,17.0,16626,,12926,150.0
2020-05-24,13,114,17.0,16639,,13040,142.0
2020-05-25,22,132,17.0,16661,,13172,138.0
2020-05-26,50,89,16.0,16711,,13261,118.0
2020-05-27,40,59,20.0,16751,פתיחת משק מלאה לאחר סגר ראשון,13320,109.0
2020-05-28,77,112,23.0,16828,,13432,102.0
2020-05-29,113,39,32.0,16941,,13471,101.0
2020-05-30,29,40,45.0,16970,,13511,83.0
2020-05-31,87,60,49.0,17057,,13571,83.0
2020-06-01,100,67,59.0,17157,,13638,75.0
2020-06-02,122,53,70.0,17279,,13691,66.0
2020-06-03,96,27,81.0,17375,,13718,61.0
2020-06-04,142,42,89.0,17517,,13760,56.0
2020-06-05,127,37,98.0,17644,,13797,46.0
2020-06-06,78,24,100.0,17722,,13821,46.0
2020-06-07,140,42,107.0,17862,,13863,44.0
2020-06-08,179,39,115.0,18041,,13902,41.0
2020-06-09,174,46,126.0,18215,,13948,37.0
2020-06-10,241,51,133.0,18456,,13999,36.0
2020-06-11,193,55,154.0,18649,,14054,40.0
2020-06-12,184,53,161.0,18833,,14107,42.0
2020-06-13,149,41,169.0,18982,,14148,44.0
2020-06-14,137,50,180.0,19119,,14198,46.0
2020-06-15,200,88,179.0,19319,,14286,47.0
2020-06-16,297,51,182.0,19616,,14337,54.0
2020-06-17,268,48,200.0,19884,,14385,55.0
2020-06-18,303,50,204.0,20187,,14435,55.0
2020-06-19,311,57,219.0,20498,,14492,54.0
2020-06-20,160,37,237.0,20658,,14529,55.0
2020-06-21,174,49,239.0,20832,,14578,54.0
2020-06-22,344,60,244.0,21176,,14638,54.0
2020-06-23,452,84,265.0,21628,,14722,50.0
2020-06-24,485,72,287.0,22113,,14794,55.0
2020-06-25,516,76,318.0,22629,,14870,58.0
2020-06-26,463,130,348.0,23092,,15000,62.0
2020-06-27,397,50,370.0,23489,,15050,72.0
2020-06-28,383,139,404.0,23872,,15189,74.0
2020-06-29,759,166,434.0,24631,,15355,87.0
2020-06-30,789,127,493.0,25420,,15482,102.0
2020-07-01,966,98,541.0,26386,,15580,108.0
2020-07-02,1153,124,610.0,27539,,15704,112.0
2020-07-03,941,119,701.0,28480,,15823,119.0
2020-07-04,819,76,769.0,29299,,15899,117.0
2020-07-05,824,143,830.0,30123,,16042,121.0
2020-07-06,1128,193,893.0,31251,,16235,121.0
2020-07-07,1383,172,945.0,32634,,16407,125.0
2020-07-08,1329,225,1030.0,33963,,16632,132.0
2020-07-09,1520,225,1082.0,35483,,16857,150.0
2020-07-10,1404,210,1134.0,36887,,17067,164.0
2020-07-11,1168,191,1201.0,38055,,17258,177.0
2020-07-12,1236,336,1250.0,39291,,17594,194.0
2020-07-13,1717,360,1309.0,41008,,17954,221.0
2020-07-14,1601,313,1393.0,42609,,18267,245.0
2020-07-15,1873,361,1425.0,44482,,18628,265.0
2020-07-16,1936,508,1502.0,46418,,19136,285.0
2020-07-17,1601,481,1562.0,48019,,19617,325.0
2020-07-18,1444,447,1590.0,49463,,20064,364.0
2020-07-19,1016,515,1629.0,50479,,20579,400.0
2020-07-20,1887,624,1598.0,52366,,21203,426.0
2020-07-21,2004,640,1622.0,54370,,21843,464.0
2020-07-22,2039,3700,1680.0,56409,,25543,510.0
2020-07-23,1987,6688,1703.0,58396,,32231,987.0
2020-07-24,1824,1586,1711.0,60220,,33817,1870.0
2020-07-25,1110,587,1743.0,61330,,34404,2028.0
2020-07-26,1040,2714,1695.0,62370,,37118,2048.0
2020-07-27,2048,1749,1698.0,64418,,38867,2362.0
2020-07-28,2120,1547,1721.0,66538,,40414,2523.0
2020-07-29,1957,1391,1738.0,68495,,41805,2653.0
2020-07-30,1786,1674,1726.0,70281,,43479,2323.0
2020-07-31,1359,1290,1697.0,71640,,44769,1606.0
2020-08-01,622,532,1631.0,72262,,45301,1564.0
2020-08-02,708,2422,1561.0,72970,,47723,1556.0
2020-08-03,1799,1776,1514.0,74769,,49499,1515.0
2020-08-04,1724,1638,1478.0,76493,,51137,1518.0
2020-08-05,1686,1474,1422.0,78179,,52611,1531.0
2020-08-06,1675,1738,1383.0,79854,,54349,1543.0
2020-08-07,1760,1204,1367.0,81614,,55553,1552.0
2020-08-08,754,602,1424.0,82368,,56155,1540.0
2020-08-09,922,2323,1443.0,83290,,58478,1550.0
2020-08-10,1696,1389,1474.0,84986,,59867,1536.0
2020-08-11,1822,984,1459.0,86808,,60851,1481.0
2020-08-12,1615,1132,1473.0,88423,,61983,1387.0
2020-08-13,1641,1301,1463.0,90064,,63284,1338.0
2020-08-14,1389,984,1458.0,91453,,64268,1276.0
2020-08-15,754,566,1405.0,92207,,64834,1245.0
2020-08-16,1069,2209,1405.0,93276,,67043,1239.0
2020-08-17,1649,1183,1426.0,94925,,68226,1223.0
2020-08-18,1645,1113,1419.0,96570,,69339,1194.0
2020-08-19,1638,1465,1394.0,98208,,70804,1212.0
2020-08-20,1485,1424,1397.0,99693,,72228,1260.0
2020-08-21,1491,1034,1375.0,101184,,73262,1277.0
2020-08-22,710,661,1390.0,101894,,73923,1284.0
2020-08-23,964,2107,1383.0,102858,,76030,1298.0
2020-08-24,1901,1394,1368.0,104759,,77424,1283.0
2020-08-25,1957,791,1404.0,106716,,78215,1314.0
2020-08-26,1984,3622,1449.0,108700,,81837,1268.0
2020-08-27,2106,1507,1498.0,110806,,83344,1576.0
2020-08-28,1833,1827,1587.0,112639,,85171,1588.0
2020-08-29,907,705,1636.0,113546,,85876,1701.0
2020-08-30,1099,2244,1664.0,114645,,88120,1707.0
2020-08-31,2171,1463,1683.0,116816,,89583,1727.0
2020-09-01,2254,1005,1722.0,119070,,90588,1737.0
2020-09-02,3193,1392,1764.0,122263,,91980,1767.0
2020-09-03,2665,1789,1937.0,124928,,93769,1449.0
2020-09-04,2623,1187,2017.0,127551,,94956,1489.0
2020-09-05,1503,882,2130.0,129054,,95838,1397.0
2020-09-06,2176,2386,2215.0,131230,,98224,1423.0
2020-09-07,3385,1588,2369.0,134615,,99812,1443.0
2020-09-08,3487,1421,2542.0,138102,,101233,1461.0
2020-09-09,3991,1460,2718.0,142093,,102693,1520.0
2020-09-10,4152,1970,2832.0,146245,,104663,1530.0
2020-09-11,3972,1764,3045.0,150217,,106427,1556.0
2020-09-12,2718,1256,3238.0,152935,,107683,1638.0
2020-09-13,3172,3258,3411.0,156107,,110941,1692.0
2020-09-14,4803,2388,3553.0,160910,,113329,1816.0
2020-09-15,5527,2257,3756.0,166437,,115586,1931.0
2020-09-16,4568,2783,4047.0,171005,,118369,2050.0
2020-09-17,5378,3695,4130.0,176383,,122064,2239.0
2020-09-18,5333,2825,4305.0,181716,סגר שני,124889,2485.0
2020-09-19,3809,1433,4499.0,185525,,126322,2637.0
2020-09-20,2576,2464,4655.0,188101,,128786,2662.0
2020-09-21,3869,4629,4570.0,191970,,133415,2549.0
2020-09-22,7019,3497,4437.0,198989,,136912,2869.0
2020-09-23,7142,3801,4650.0,206131,,140713,3046.0
2020-09-24,8258,4562,5018.0,214389,,145275,3192.0
2020-09-25,8385,4117,5429.0,222774,,149392,3315.0
2020-09-26,5879,2388,5865.0,228653,,151780,3500.0
2020-09-27,3435,5658,6161.0,232088,,157438,3636.0
2020-09-28,1153,2158,6283.0,233241,,159596,4093.0
2020-09-29,4986,5758,5895.0,238227,,165354,3740.0
2020-09-30,9051,5092,5605.0,247278,,170446,4063.0
2020-10-01,7717,5739,5878.0,254995,,176185,4247.0
2020-10-02,7053,5562,5800.0,262048,,181747,4415.0
2020-10-03,2593,3478,5610.0,264641,,185225,4622.0
2020-10-04,2931,8083,5141.0,267572,,193308,4777.0
2020-10-05,5700,6928,5069.0,273272,,200236,5124.0
2020-10-06,4717,6386,5718.0,277989,,206622,5805.0
2020-10-07,4152,4872,5680.0,282141,,211494,5895.0
2020-10-08,3752,4778,4980.0,285893,,216272,5864.0
2020-10-09,2954,5078,4414.0,288847,,221350,5726.0
2020-10-10,915,3774,3828.0,289762,,225124,5657.0
2020-10-11,1637,7519,3588.0,291399,,232643,5699.0
2020-10-12,3153,5493,3403.0,294552,,238136,5619.0
2020-10-13,2335,5694,3040.0,296887,,243830,5414.0
2020-10-14,2117,5815,2699.0,299004,,249645,5315.0
2020-10-15,1609,5390,2409.0,300613,,255035,5450.0
2020-10-16,1496,3466,2102.0,302109,,258501,5537.0
2020-10-17,410,2498,1894.0,302519,,260999,5307.0
2020-10-18,921,4881,1822.0,303440,פתיחת סגר שני,265880,5125.0
2020-10-19,1517,2317,1720.0,304957,,268197,4748.0
2020-10-20,1192,1783,1486.0,306149,,269980,4294.0
2020-10-21,1169,3104,1323.0,307318,,273084,3735.0
2020-10-22,1031,3090,1187.0,308349,,276174,3348.0
2020-10-23,849,2418,1105.0,309198,,278592,3019.0
2020-10-24,247,1291,1012.0,309445,,279883,2870.0
2020-10-25,604,2655,989.0,310049,,282538,2697.0
2020-10-26,883,1279,944.0,310932,,283817,2379.0
2020-10-27,885,949,853.0,311817,,284766,2231.0
2020-10-28,724,1280,809.0,312541,,286046,2112.0
2020-10-29,647,1432,746.0,313188,,287478,1851.0
2020-10-30,681,1055,691.0,313869,,288533,1614.0
2020-10-31,228,792,667.0,314097,,289325,1420.0
2020-11-01,657,1497,664.0,314754,,290822,1348.0
2020-11-02,792,909,672.0,315546,,291731,1183.0
2020-11-03,844,720,659.0,316390,,292451,1130.0
2020-11-04,769,629,653.0,317159,,293080,1097.0
2020-11-05,568,836,659.0,317727,,293916,1004.0
2020-11-06,688,884,648.0,318415,,294800,919.0
2020-11-07,212,680,649.0,318627,הקלות סגר שני – פתיחת חנויות רחוב,295480,895.0
2020-11-08,534,678,647.0,319161,,296158,879.0
2020-11-09,722,916,629.0,319883,,297074,762.0
2020-11-10,674,335,619.0,320557,,297409,763.0
2020-11-11,768,1077,595.0,321325,,298486,708.0
2020-11-12,836,1198,595.0,322161,,299684,772.0
2020-11-13,760,731,633.0,322921,,300415,824.0
2020-11-14,291,418,643.0,323212,,300833,802.0
2020-11-15,626,960,655.0,323838,,301793,764.0
2020-11-16,874,652,668.0,324712,,302445,805.0
2020-11-17,830,576,689.0,325542,,303021,767.0
2020-11-18,796,786,712.0,326338,,303807,801.0
2020-11-19,770,747,716.0,327108,,304554,760.0
2020-11-20,772,664,706.0,327880,,305218,695.0
2020-11-21,423,446,708.0,328303,,305664,686.0
2020-11-22,763,991,727.0,329066,,306655,690.0
2020-11-23,961,652,746.0,330027,,307307,694.0
2020-11-24,859,539,759.0,330886,,307846,694.0
2020-11-25,1082,836,763.0,331968,,308682,689.0
2020-11-26,1083,918,804.0,333051,,309600,696.0
2020-11-27,1033,677,849.0,334084,הקלות סגר שני – פיילוט קניונים,310277,720.0
2020-11-28,581,409,886.0,334665,,310686,722.0
2020-11-29,1026,1095,908.0,335691,,311781,717.0
2020-11-30,1257,725,946.0,336948,,312506,732.0
2020-12-01,1199,694,988.0,338147,,313200,742.0
2020-12-02,1588,829,1037.0,339735,,314029,764.0
2020-12-03,1448,1419,1109.0,341183,,315448,763.0
2020-12-04,1515,859,1161.0,342698,,316307,835.0
2020-12-05,1000,588,1230.0,343698,,316895,861.0
2020-12-06,1358,1386,1290.0,345056,,318281,887.0
2020-12-07,1864,903,1337.0,346920,,319184,928.0
2020-12-08,1769,888,1424.0,348689,,320072,954.0
2020-12-09,1869,1019,1506.0,350558,,321091,981.0
2020-12-10,2006,1425,1546.0,352564,,322516,1008.0
2020-12-11,1834,1142,1625.0,354398,,323658,1009.0
2020-12-12,1298,912,1671.0,355696,,324570,1050.0
2020-12-13,1726,1890,1714.0,357422,,326460,1096.0
2020-12-14,2321,1255,1766.0,359743,,327715,1168.0
2020-12-15,2893,1193,1831.0,362636,,328908,1218.0
2020-12-16,2860,1610,1992.0,365496,,330518,1262.0
2020-12-17,2847,1933,2134.0,368343,,332451,1346.0
2020-12-18,2791,1543,2254.0,371134,,333994,1419.0
2020-12-19,1888,1080,2390.0,373022,,335074,1476.0
2020-12-20,3094,2543,2475.0,376116,תחילת חיסונים מנה 1,337617,1500.0
2020-12-21,3860,1544,2670.0,379976,,339161,1593.0
2020-12-22,4380,1615,2890.0,384356,,340776,1635.0
2020-12-23,4037,2013,3102.0,388393,,342789,1695.0
2020-12-24,4049,2854,3271.0,392442,,345643,1753.0
2020-12-25,4005,2387,3442.0,396447,,348030,1884.0
2020-12-26,2658,1793,3616.0,399105,,349823,2005.0
2020-12-27,3533,4174,3726.0,402638,סגר שלישי,353997,2107.0
2020-12-28,5521,2464,3788.0,408159,,356461,2340.0
2020-12-29,5633,2373,4026.0,413792,,358834,2471.0
2020-12-30,5869,3710,4205.0,419661,,362544,2579.0
2020-12-31,5864,4233,4466.0,425525,,366777,2822.0
2021-01-01,6011,3428,4726.0,431536,,370205,3019.0
2021-01-02,4212,2029,5012.0,435748,,372234,3167.0
2021-01-03,5230,5542,5234.0,440978,,377776,3201.0
2021-01-04,8424,3067,5477.0,449402,,380843,3397.0
2021-01-05,8226,2942,5891.0,457628,,383785,3483.0
2021-01-06,7883,4750,6262.0,465511,,388535,3564.0
2021-01-07,7662,5824,6550.0,473173,,394359,3713.0
2021-01-08,8160,4813,6806.0,481333,הידוק סגר שלישי,399172,3940.0
2021-01-09,5164,3060,7113.0,486497,,402232,4138.0
2021-01-10,6954,8313,7249.0,493451,תחילת חיסונים מנה 2,410545,4285.0
2021-01-11,9727,4823,7496.0,503178,,415368,4681.0
2021-01-12,9295,4545,7682.0,512473,,419913,4932.0
2021-01-13,9470,7977,7835.0,521943,,427890,5161.0
2021-01-14,9297,9144,8061.0,531240,,437034,5622.0
2021-01-15,8428,7962,8295.0,539668,,444996,6096.0
2021-01-16,5085,4260,8333.0,544753,,449256,6546.0
2021-01-17,5659,10857,8322.0,550412,,460113,6717.0
2021-01-18,10120,6135,8137.0,560532,,466248,7081.0
2021-01-19,8631,5470,8193.0,569163,,471718,7268.0
2021-01-20,8361,8730,8098.0,577524,,480448,7400.0
2021-01-21,7268,9919,7940.0,584792,,490367,7508.0
2021-01-22,7387,8409,7650.0,592179,,498776,7619.0
2021-01-23,2447,4160,7501.0,594626,,502936,7682.0
2021-01-24,4935,10479,7124.0,599561,,513415,7668.0
2021-01-25,8716,5590,7021.0,608277,,519005,7614.0
2021-01-26,7817,5070,6820.0,616094,,524075,7536.0
2021-01-27,7750,8630,6704.0,623844,,532705,7479.0
2021-01-28,7196,9179,6617.0,631040,,541884,7465.0
2021-01-29,6775,7511,6606.0,637815,,549395,7359.0
2021-01-30,2627,3528,6519.0,640442,,552923,7231.0
2021-01-31,5238,10049,6545.0,645680,,562972,7141.0
2021-02-01,8930,5098,6588.0,654610,,568070,7079.0
2021-02-02,8021,4379,6619.0,662631,,572449,7009.0
2021-02-03,7464,8146,6648.0,670095,,580595,6910.0
2021-02-04,7261,8100,6607.0,677356,,588695,6841.0
2021-02-05,6599,7222,6616.0,683955,,595917,6687.0
2021-02-06,2658,3037,6591.0,686613,,598954,6646.0
2021-02-07,4605,9672,6595.0,691218,פתיחת סגר שלשי ,608626,6575.0
2021-02-08,7854,4966,6505.0,699072,,613592,6522.0
2021-02-09,6172,4893,6351.0,705244,,618485,6503.0
2021-02-10,5676,8209,6087.0,710920,,626694,6576.0
2021-02-11,5084,8703,5832.0,716004,,635397,6585.0
2021-02-12,4674,7190,5521.0,720678,,642587,6671.0
2021-02-13,1890,3380,5246.0,722568,,645967,6667.0
2021-02-14,3489,9556,5136.0,726057,,655523,6716.0
2021-02-15,5199,4838,4977.0,731256,,660361,6699.0
2021-02-16,4584,3725,4597.0,735840,,664086,6681.0
2021-02-17,4169,6477,4370.0,740009,,670563,6514.0
2021-02-18,3337,7438,4155.0,743346,,678001,6267.0
2021-02-19,3793,5878,3906.0,747139,,683879,6086.0
2021-02-20,1255,3368,3780.0,748394,,687247,5898.0
2021-02-21,3113,7360,3689.0,751507,פתיחה חלקית של המשק לאחר סגר שלישי,694607,5897.0
2021-02-22,4811,3643,3635.0,756318,,698250,5583.0
2021-02-23,4442,3144,3580.0,760760,,701394,5412.0
2021-02-24,4377,5336,3560.0,765137,,706730,5329.0
2021-02-25,3820,4973,3589.0,768957,,711703,5166.0
2021-02-26,3819,3728,3658.0,772776,,715431,4814.0
2021-02-27,1443,1560,3662.0,774219,,716991,4507.0
2021-02-28,3029,5616,3689.0,777248,,722607,4249.0
2021-03-01,4854,2724,3677.0,782102,,725331,4000.0
2021-03-02,4404,2907,3683.0,786506,,728238,3868.0
2021-03-03,4671,4566,3678.0,791177,,732804,3834.0
2021-03-04,3659,4746,3720.0,794836,,737550,3724.0
2021-03-05,3695,3949,3697.0,798531,,741499,3692.0
2021-03-06,1841,1907,3679.0,800372,,743406,3724.0
2021-03-07,2367,5667,3736.0,802739,פתיחת משק מלאה לאחר סגר שלישי,749073,3773.0
2021-03-08,3798,2663,3641.0,806537,,751736,3780.0
2021-03-09,3127,2903,3490.0,809664,,754639,3772.0
2021-03-10,2843,4530,3308.0,812507,,759169,3771.0
2021-03-11,2553,4946,3047.0,815060,,764115,3766.0
2021-03-12,2414,3873,2889.0,817474,,767988,3795.0
2021-03-13,787,2009,2706.0,818261,,769997,3784.0
2021-03-14,1436,5769,2555.0,819697,,775766,3798.0
2021-03-15,2130,2605,2422.0,821827,,778371,3813.0
2021-03-16,1563,2220,2184.0,823390,,780591,3805.0
2021-03-17,1544,3604,1960.0,824934,,784195,3707.0
2021-03-18,1261,3567,1775.0,826195,,787762,3575.0
2021-03-19,1087,2532,1590.0,827282,,790294,3378.0
2021-03-20,350,1450,1401.0,827632,,791744,3186.0
2021-03-21,681,3463,1338.0,828313,,795207,3106.0
2021-03-22,992,1672,1230.0,829305,,796879,2777.0
2021-03-23,694,736,1068.0,829999,,797615,2644.0
2021-03-24,480,2235,944.0,830479,,799850,2432.0
2021-03-25,906,2091,792.0,831385,,801941,2236.0
2021-03-26,546,1488,741.0,831931,,803429,2025.0
2021-03-27,244,856,664.0,832175,,804285,1876.0
2021-03-28,134,876,649.0,832309,,805161,1791.0
2021-03-29,391,1467,570.0,832700,,806628,1422.0
2021-03-30,459,809,485.0,833159,,807437,1392.0
2021-03-31,500,1069,451.0,833659,,808506,1403.0
2021-04-01,334,1061,454.0,833993,,809567,1236.0
2021-04-02,419,633,372.0,834412,,810200,1089.0
2021-04-03,123,459,354.0,834535,,810659,967.0
2021-04-04,197,1047,337.0,834732,,811706,910.0
2021-04-05,383,508,346.0,835115,,812214,935.0
2021-04-06,307,491,345.0,835422,,812705,798.0
2021-04-07,273,425,323.0,835695,,813130,752.0
2021-04-08,212,636,290.0,835907,,813766,660.0
2021-04-09,226,577,273.0,836133,,814343,599.0
2021-04-10,86,385,245.0,836219,,814728,591.0
2021-04-11,141,774,240.0,836360,,815502,581.0
2021-04-12,224,357,232.0,836584,,815859,542.0
2021-04-13,198,376,209.0,836782,,816235,520.0
2021-04-14,195,482,194.0,836977,,816717,504.0
2021-04-15,95,260,183.0,837072,,816977,512.0
2021-04-16,110,365,166.0,837182,,817342,458.0
2021-04-17,89,211,149.0,837271,,817553,428.0
2021-04-18,222,543,150.0,837493,"פתיחת לימודים ללא קפסולות, 
ביטול חובת עטיית מסיכה בשטחים פתוחים",818096,403.0
2021-04-19,150,198,161.0,837643,,818294,370.0
2021-04-20,177,225,151.0,837820,,818519,347.0
2021-04-21,123,233,148.0,837943,,818752,326.0
2021-04-22,164,334,138.0,838107,,819086,290.0
2021-04-23,112,265,147.0,838219,,819351,301.0
2021-04-24,36,113,148.0,838255,,819464,287.0
2021-04-25,85,191,140.0,838340,,819655,273.0
2021-04-26,105,145,121.0,838445,,819800,222.0
2021-04-27,126,148,114.0,838571,,819948,215.0
2021-04-28,112,176,107.0,838683,,820124,204.0
2021-04-29,102,168,105.0,838785,,820292,196.0
2021-04-30,79,130,96.0,838864,,820422,172.0
2021-05-01,15,71,92.0,838879,,820493,153.0
2021-05-02,60,216,89.0,838939,,820709,147.0
2021-05-03,97,152,85.0,839036,,820861,150.0
2021-05-04,68,108,84.0,839104,,820969,151.0
2021-05-05,75,139,76.0,839179,,821108,145.0
2021-05-06,56,143,70.0,839235,,821251,140.0
2021-05-07,34,87,64.0,839269,,821338,137.0
2021-05-08,16,64,57.0,839285,,821402,130.0
2021-05-09,34,145,58.0,839319,,821547,129.0
2021-05-10,76,57,54.0,839395,,821604,119.0
2021-05-11,40,85,51.0,839435,,821689,106.0
2021-05-12,29,93,47.0,839464,,821782,102.0
2021-05-13,35,74,40.0,839499,,821856,96.0
2021-05-14,27,64,37.0,839526,,821920,86.0
2021-05-15,20,45,36.0,839546,,821965,83.0
2021-05-16,38,99,37.0,839584,,822064,80.0
2021-05-17,15,18,37.0,839599,,822082,73.0
2021-05-18,28,90,29.0,839627,,822172,68.0
2021-05-19,56,89,27.0,839683,,822261,69.0
2021-05-20,38,74,31.0,839721,,822335,68.0
2021-05-21,22,34,31.0,839743,,822369,68.0
2021-05-22,12,25,31.0,839755,,822394,64.0
2021-05-23,30,85,29.0,839785,,822479,61.0
2021-05-24,30,30,28.0,839815,,822509,59.0
2021-05-25,23,42,30.0,839838,,822551,61.0
2021-05-26,19,36,30.0,839857,,822587,54.0
2021-05-27,17,38,24.0,839874,,822625,46.0
2021-05-28,18,40,21.0,839892,,822665,41.0
2021-05-29,13,17,21.0,839905,,822682,42.0
2021-05-30,4,69,21.0,839909,,822751,41.0
2021-05-31,15,28,17.0,839924,,822779,38.0
2021-06-01,35,36,15.0,839959,,822815,38.0
2021-06-02,13,49,17.0,839972,,822864,37.0
2021-06-03,11,130,16.0,839983,,822994,39.0
2021-06-04,31,12,15.0,840014,,823006,52.0
2021-06-05,6,6,17.0,840020,,823012,48.0
2021-06-06,5,54,16.0,840025,,823066,47.0
2021-06-07,7,52,16.0,840032,,823118,45.0
2021-06-08,30,15,15.0,840062,,823133,48.0
2021-06-09,9,21,14.0,840071,,823154,45.0
2021-06-10,18,32,14.0,840089,,823186,41.0
2021-06-11,18,19,15.0,840107,,823205,27.0
2021-06-12,5,14,13.0,840112,,823219,28.0
2021-06-13,3,28,13.0,840115,,823247,29.0
2021-06-14,26,21,12.0,840141,,823268,25.0
2021-06-15,28,15,15.0,840169,,823283,21.0
2021-06-16,14,10,15.0,840183,,823293,21.0
2021-06-17,31,44,16.0,840214,,823337,19.0
2021-06-18,35,12,17.0,840249,,823349,21.0
2021-06-19,47,9,20.0,840296,,823358,20.0
2021-06-20,58,87,26.0,840354,,823445,19.0
2021-06-21,125,38,34.0,840479,,823483,28.0
2021-06-22,118,10,48.0,840597,,823493,30.0
2021-06-23,159,25,61.0,840756,,823518,30.0
2021-06-24,253,40,81.0,841009,,823558,32.0
2021-06-25,250,16,113.0,841259,,823574,31.0
2021-06-26,132,15,144.0,841391,,823589,32.0
2021-06-27,145,72,156.0,841536,,823661,33.0
2021-06-28,289,57,168.0,841825,,823718,30.0
2021-06-29,308,75,192.0,842133,הפעלת התו הירוק במתחמים מעל 100 איש בגל הרביעי,823793,33.0
2021-06-30,377,93,219.0,842510,,823886,42.0
2021-07-01,299,163,250.0,842809,,824049,52.0
2021-07-02,398,136,257.0,843207,,824185,70.0
2021-07-03,189,96,278.0,843396,,824281,87.0
2021-07-04,353,286,286.0,843749,,824567,98.0
2021-07-05,504,194,316.0,844253,,824761,129.0
2021-07-06,571,174,346.0,844824,,824935,149.0
2021-07-07,533,243,384.0,845357,,825178,163.0
2021-07-08,476,326,406.0,845833,,825504,184.0
2021-07-09,545,246,432.0,846378,,825750,207.0
2021-07-10,262,132,453.0,846640,,825882,223.0
2021-07-11,443,423,463.0,847083,,826305,228.0
2021-07-12,770,280,476.0,847853,,826585,248.0
2021-07-13,750,326,514.0,848603,,826911,260.0
2021-07-14,772,448,539.0,849375,,827359,282.0
2021-07-15,891,561,574.0,850266,,827920,311.0
2021-07-16,1152,469,633.0,851418,,828389,345.0
2021-07-17,444,200,720.0,851862,,828589,377.0
2021-07-18,838,642,746.0,852700,,829231,386.0
2021-07-19,1415,444,802.0,854115,,829675,418.0
2021-07-20,1416,376,894.0,855531,,830051,441.0
2021-07-21,1391,641,989.0,856922,,830692,448.0
2021-07-22,1290,777,1078.0,858212,,831469,476.0
2021-07-23,1442,696,1135.0,859654,,832165,507.0
2021-07-24,972,404,1176.0,860626,,832569,539.0
2021-07-25,1453,1302,1252.0,862079,,833871,568.0
2021-07-26,2134,832,1339.0,864213,,834703,662.0
2021-07-27,2309,898,1442.0,866522,,835601,718.0
2021-07-28,2205,1148,1570.0,868727,,836749,792.0
2021-07-29,2180,1354,1686.0,870907,,838103,865.0
2021-07-30,2474,1226,1813.0,873381,,839329,947.0
2021-07-31,2104,582,1961.0,875485,,839911,1023.0
2021-08-01,2125,1902,2122.0,877610,תחילת חיסונים מנה 3,841813,1048.0
2021-08-02,3861,1110,2218.0,881471,,842923,1134.0
2021-08-03,3311,1251,2465.0,884782,,844174,1174.0
2021-08-04,3509,1837,2608.0,888291,,846011,1224.0
2021-08-05,3886,2255,2794.0,892177,,848266,1323.0
2021-08-06,3888,1901,3038.0,896065,,850167,1451.0
2021-08-07,2935,1007,3240.0,899000,,851174,1548.0
2021-08-08,3445,3254,3359.0,902445,,854428,1609.0
2021-08-09,6379,1999,3547.0,908824,,856427,1802.0
2021-08-10,5859,2348,3907.0,914683,,858775,1929.0
2021-08-11,6026,3246,4271.0,920709,,862021,2085.0
2021-08-12,6149,3620,4631.0,926858,,865641,2287.0
2021-08-13,5975,3235,4954.0,932833,,868876,2482.0
2021-08-14,4232,1567,5252.0,937065,,870443,2672.0
2021-08-15,5195,5054,5437.0,942260,,875497,2752.0
2021-08-16,8793,3410,5687.0,951053,,878907,3009.0
2021-08-17,7990,3311,6032.0,959043,,882218,3211.0
2021-08-18,8036,5268,6337.0,967079,,887486,3349.0
2021-08-19,7839,5826,6624.0,974918,,893312,3637.0
2021-08-20,7903,5450,6865.0,982821,,898762,3953.0
2021-08-21,5414,2709,7141.0,988235,,901471,4269.0
2021-08-22,6592,8159,7310.0,994827,,909630,4432.0
2021-08-23,10111,4973,7509.0,1004938,,914603,4876.0
2021-08-24,10084,4869,7697.0,1015022,,919472,5099.0
2021-08-25,9244,7688,7997.0,1024266,,927160,5322.0
2021-08-26,9123,8541,8169.0,1033389,,935701,5667.0
2021-08-27,8697,7869,8353.0,1042086,,943570,6055.0
2021-08-28,7279,3925,8466.0,1049365,,947495,6401.0
2021-08-29,6791,10646,8732.0,1056156,,958141,6574.0
2021-08-30,11155,6861,8761.0,1067311,,965002,6930.0
2021-08-31,10447,6333,8910.0,1077758,,971335,7199.0
2021-09-01,11300,9279,8962.0,1089058,,980614,7409.0
2021-09-02,11343,10497,9256.0,1100401,,991111,7636.0
2021-09-03,9912,9278,9573.0,1110313,,1000389,7915.0
2021-09-04,5064,5158,9746.0,1115377,,1005547,8117.0
2021-09-05,5866,12332,9430.0,1121243,,1017879,8293.0
2021-09-06,10869,9130,9298.0,1132112,,1027009,8534.0
2021-09-07,6864,4896,9257.0,1138976,,1031905,8858.0
2021-09-08,3320,5827,8745.0,1142296,,1037732,8652.0
2021-09-09,7958,13115,7605.0,1150254,,1050847,8159.0
2021-09-10,9898,11397,7121.0,1160152,,1062244,8533.0
2021-09-11,10290,5762,7119.0,1170442,,1068006,8836.0
2021-09-12,7808,12697,7866.0,1178250,,1080703,8922.0
2021-09-13,10953,7648,8143.0,1189203,,1088351,8974.0
2021-09-14,9856,6810,8155.0,1199059,,1095161,8763.0
2021-09-15,8865,9997,8583.0,1207924,,1105158,9036.0
2021-09-16,3286,3806,9375.0,1211210,,1108964,9632.0
2021-09-17,5025,6844,8708.0,1216235,,1115808,8302.0
2021-09-18,8619,3726,8011.0,1224854,,1119534,7652.0
2021-09-19,6555,15866,7773.0,1231409,,1135400,7361.0
2021-09-20,8828,10696,7594.0,1240237,,1146096,7813.0
2021-09-21,4826,4121,7290.0,1245063,,1150217,8249.0
2021-09-22,6025,11536,6572.0,1251088,,1161753,7865.0
2021-09-23,6452,9711,6166.0,1257540,,1171464,8085.0
2021-09-24,4990,7770,6618.0,1262530,,1179234,8928.0
2021-09-25,2653,3150,6613.0,1265183,,1182384,9060.0
2021-09-26,3874,5344,5761.0,1269057,,1187728,8978.0
2021-09-27,5247,8918,5378.0,1274304,,1196646,7475.0
2021-09-28,2441,5177,4866.0,1276745,,1201823,7221.0
2021-09-29,3635,9523,4526.0,1280380,,1211346,7372.0
2021-09-30,4397,6766,4184.0,1284777,,1218112,7084.0
2021-10-01,3622,4940,3891.0,1288399,,1223052,6664.0
2021-10-02,1739,3641,3695.0,1290138,,1226693,6259.0
2021-10-03,2701,7648,3565.0,1292839,הנחיות חדשות בתו הירוק,1234341,6329.0
2021-10-04,3278,4469,3397.0,1296117,,1238810,6659.0
2021-10-05,2556,4065,3116.0,1298673,,1242875,6023.0
2021-10-06,2427,4643,3132.0,1301100,,1247518,5864.0
2021-10-07,2119,3937,2960.0,1303219,,1251455,5167.0
2021-10-08,2024,3126,2634.0,1305243,,1254581,4763.0
2021-10-09,1040,2999,2406.0,1306283,,1257580,4504.0
2021-10-10,1490,5182,2306.0,1307773,,1262762,4412.0
2021-10-11,2343,2688,2133.0,1310116,,1265450,4060.0
2021-10-12,1817,2933,1999.0,1311933,,1268383,3805.0
2021-10-13,1772,3215,1894.0,1313705,,1271598,3644.0
2021-10-14,1345,3134,1800.0,1315050,,1274732,3440.0
2021-10-15,1575,2194,1690.0,1316625,,1276926,3325.0
2021-10-16,740,1201,1626.0,1317365,,1278127,3192.0
2021-10-17,1221,3010,1583.0,1318586,,1281137,2935.0
2021-10-18,1508,1835,1544.0,1320094,,1282972,2625.0
2021-10-19,1150,1748,1425.0,1321244,,1284720,2503.0
2021-10-20,1036,2305,1330.0,1322280,,1287025,2333.0
2021-10-21,992,2325,1225.0,1323272,,1289350,2203.0
2021-10-22,983,1730,1174.0,1324255,,1291080,2088.0
2021-10-23,332,953,1090.0,1324587,,1292033,2022.0
2021-10-24,842,2248,1031.0,1325429,,1294281,1986.0
2021-10-25,930,1349,977.0,1326359,,1295630,1877.0
2021-10-26,729,1367,895.0,1327088,,1296997,1808.0
2021-10-27,648,1509,834.0,1327736,,1298506,1753.0
2021-10-28,661,1363,779.0,1328397,,1299869,1640.0
2021-10-29,618,1174,732.0,1329015,,1301043,1502.0
2021-10-30,225,640,680.0,1329240,,1301683,1423.0
2021-10-31,527,1391,664.0,1329767,,1303074,1378.0
2021-11-01,691,814,619.0,1330458,היתר כניסת תיירים לישראל על פי מתווה,1303888,1256.0
2021-11-02,665,868,585.0,1331123,,1304756,1179.0
2021-11-03,616,970,576.0,1331739,,1305726,1108.0
2021-11-04,519,988,571.0,1332258,,1306714,1031.0
2021-11-05,558,657,551.0,1332816,,1307371,977.0
2021-11-06,199,430,543.0,1333015,,1307801,904.0
2021-11-07,501,881,539.0,1333516,,1308682,874.0
2021-11-08,566,495,535.0,1334082,,1309177,801.0
2021-11-09,473,520,517.0,1334555,,1309697,755.0
2021-11-10,498,714,490.0,1335053,,1310411,705.0
2021-11-11,393,699,473.0,1335446,,1311110,669.0
2021-11-12,448,602,455.0,1335894,,1311712,628.0
2021-11-13,225,356,439.0,1336119,,1312068,620.0
2021-11-14,399,676,443.0,1336518,,1312744,609.0
2021-11-15,536,456,428.0,1337054,,1313200,580.0
2021-11-16,558,510,424.0,1337612,,1313710,574.0
2021-11-17,483,536,436.0,1338095,,1314246,573.0
2021-11-18,469,607,434.0,1338564,,1314853,547.0
2021-11-19,509,377,445.0,1339073,,1315230,534.0
2021-11-20,237,291,454.0,1339310,,1315521,502.0
2021-11-21,454,666,455.0,1339764,,1316187,493.0
2021-11-22,715,317,463.0,1340479,תחילת מבצע חיסונים לילדים בני 5-11,1316504,491.0
2021-11-23,603,335,489.0,1341082,,1316839,472.0
2021-11-24,543,505,495.0,1341625,,1317344,447.0
2021-11-25,538,554,504.0,1342163,,1317898,442.0
2021-11-26,542,391,514.0,1342705,,1318289,435.0
2021-11-27,169,308,518.0,1342874,,1318597,437.0
2021-11-28,542,766,509.0,1343416,,1319363,439.0
2021-11-29,700,451,521.0,1344116,,1319814,453.0
2021-11-30,577,546,519.0,1344693,,1320360,472.0
2021-12-01,563,625,515.0,1345256,,1320985,503.0
2021-12-02,520,642,518.0,1345776,,1321627,520.0
2021-12-03,486,520,516.0,1346262,,1322147,532.0
2021-12-04,248,313,508.0,1346510,,1322460,551.0
2021-12-05,539,718,519.0,1347049,,1323178,551.0
2021-12-06,739,446,519.0,1347788,,1323624,545.0
2021-12-07,812,504,524.0,1348600,,1324128,544.0
2021-12-08,714,633,558.0,1349314,,1324761,538.0
2021-12-09,647,670,579.0,1349961,,1325431,539.0
2021-12-10,607,548,597.0,1350568,,1325979,543.0
2021-12-11,236,539,615.0,1350804,,1326518,547.0
2021-12-12,492,705,613.0,1351296,,1327223,579.0
2021-12-13,772,425,606.0,1352068,,1327648,577.0
2021-12-14,702,461,611.0,1352770,,1328109,574.0
2021-12-15,789,663,595.0,1353559,,1328772,568.0
2021-12-16,862,830,606.0,1354421,,1329602,573.0
2021-12-17,877,696,637.0,1355298,,1330298,595.0
2021-12-18,393,427,675.0,1355691,,1330725,617.0
2021-12-19,1024,733,698.0,1356715,,1331458,601.0
2021-12-20,1331,501,774.0,1358046,,1331959,605.0
2021-12-21,1200,438,854.0,1359246,,1332397,615.0
2021-12-22,1415,630,925.0,1360661,,1333027,612.0
2021-12-23,1514,667,1014.0,1362175,,1333694,607.0
2021-12-24,1789,666,1107.0,1363964,,1334360,584.0
2021-12-25,806,454,1238.0,1364770,,1334814,580.0
2021-12-26,1805,901,1297.0,1366575,,1335715,584.0
2021-12-27,2972,768,1408.0,1369547,,1336483,608.0
2021-12-28,3241,1213,1643.0,1372788,,1337696,646.0
2021-12-29,4071,1215,1934.0,1376859,,1338911,757.0
2021-12-30,5079,1334,2314.0,1381938,,1340245,840.0
2021-12-31,5493,1155,2823.0,1387431,,1341400,935.0
2022-01-01,4230,1050,3352.0,1391661,,1342450,1005.0
2022-01-02,6609,1881,3841.0,1398270,תחילת חיסונים מנה 4 לבני 60 ומעלה ולצוותים רפואיים,1344331,1090.0
2022-01-03,10954,1455,4527.0,1409224,,1345786,1230.0
2022-01-04,12641,1848,5668.0,1421865,,1347634,1329.0
2022-01-05,18613,2711,7011.0,1440478,שינוי מדיניות בדיקות ובידודים - אנטיגן קובע מאומתים,1350345,1419.0
2022-01-06,19137,3548,9088.0,1459615,,1353893,1633.0
2022-01-07,22023,3707,11096.0,1481638,,1357600,1949.0
2022-01-08,22907,3142,13458.0,1504545,,1360742,2314.0
2022-01-09,31179,6185,16126.0,1535724,,1366927,2613.0
2022-01-10,41448,5023,19636.0,1577172,,1371950,3228.0
2022-01-11,47491,6985,23992.0,1624663,,1378935,3737.0
2022-01-12,48595,11762,28971.0,1673258,,1390697,4471.0
2022-01-13,49271,57946,33254.0,1722529,,1448643,5764.0
2022-01-14,45890,20055,37559.0,1768419,,1468698,13535.0
2022-01-15,45100,15838,40968.0,1813519,,1484536,15871.0
2022-01-16,64811,39519,44139.0,1878330,,1524055,17684.0
2022-01-17,72095,44935,48943.0,1950425,,1568990,22446.0
2022-01-18,73917,48332,53321.0,2024342,,1617322,28148.0
2022-01-19,75150,94467,57097.0,2099492,,1711789,34055.0
2022-01-20,75147,27930,60890.0,2174639,,1739719,45870.0
2022-01-21,65652,88461,64587.0,2240291,,1828180,41582.0
2022-01-22,67961,69475,67410.0,2308252,,1897655,51354.0
2022-01-23,85283,77138,70676.0,2393535,,1974793,59017.0
2022-01-24,83774,75427,73600.0,2477309,,2050220,64391.0
2022-01-25,76397,61291,75269.0,2553706,,2111511,68747.0
2022-01-26,67925,65548,75623.0,2621631,,2177059,70598.0
2022-01-27,57766,65333,74591.0,2679397,שינוי מדיניות בדיקות בחינוך - 2 בדיקות בשבוע לתלמידים,2242392,66467.0
2022-01-28,53794,48790,72108.0,2733191,,2291182,71810.0
2022-01-29,49467,97386,70414.0,2782658,,2388568,66143.0
2022-01-30,74561,77299,67772.0,2857219,,2465867,70130.0
2022-01-31,67913,65889,66240.0,2925132,,2531756,70153.0
2022-02-01,60573,62695,63974.0,2985705,,2594451,68790.0
2022-02-02,60935,44158,61714.0,3046640,,2638609,68991.0
2022-02-03,46796,55889,60715.0,3093436,,2694498,65935.0
2022-02-04,38288,78395,59148.0,3131724,,2772893,64586.0
2022-02-05,33670,32907,56933.0,3165394,,2805800,68815.0
2022-02-06,52756,82411,54676.0,3218150,,2888211,59604.0
2022-02-07,44041,57882,51561.0,3262191,,2946093,60334.0
2022-02-08,38305,47103,48151.0,3300496,,2993196,59191.0
2022-02-09,37435,33090,44970.0,3337931,,3026286,56963.0
2022-02-10,27951,35098,41613.0,3365882,,3061384,55382.0
2022-02-11,22530,45662,38920.0,3388412,,3107046,52412.0
2022-02-12,18057,26444,36669.0,3406469,,3133490,47736.0
2022-02-13,31643,43282,34439.0,3438112,,3176772,46812.0
2022-02-14,23698,67336,31423.0,3461810,,3244108,41223.0
2022-02-15,20440,28146,28517.0,3482250,,3272254,42573.0
2022-02-16,21315,25113,25964.0,3503565,,3297367,39865.0
2022-02-17,15517,23849,23662.0,3519082,,3321216,38725.0
2022-02-18,12594,32555,21885.0,3531676,,3353771,37118.0
2022-02-19,10371,19217,20466.0,3542047,,3372988,35246.0
2022-02-20,17720,27746,19368.0,3559767,,3400734,34214.0
2022-02-21,13084,26400,17379.0,3572851,,3427134,31994.0
2022-02-22,12166,17784,15863.0,3585017,,3444918,26146.0
2022-02-23,11961,14098,14681.0,3596978,,3459016,24666.0
2022-02-24,9157,15675,13344.0,3606135,,3474691,23092.0
2022-02-25,7779,22124,12436.0,3613914,,3496815,21925.0
2022-02-26,6002,13351,11748.0,3619916,,3510166,20434.0
2022-02-27,10912,14500,11124.0,3630828,,3524666,19596.0
2022-02-28,8529,13684,10151.0,3639357,,3538350,17704.0
2022-03-01,7754,11726,9500.0,3647111,,3550076,15888.0
2022-03-02,8316,8460,8870.0,3655427,,3558536,15022.0
2022-03-03,6812,11174,8349.0,3662239,,3569710,14217.0
2022-03-04,6059,12504,8014.0,3668298,,3582214,13574.0
2022-03-05,4678,9350,7769.0,3672976,,3591564,12199.0
2022-03-06,7760,9613,7580.0,3680736,,3601177,11628.0
2022-03-07,7397,9323,7129.0,3688133,,3610500,10930.0
2022-03-08,6616,10482,6968.0,3694749,,3620982,10307.0
2022-03-09,6950,6616,6805.0,3701699,,3627598,10129.0
2022-03-10,5723,6513,6610.0,3707422,,3634111,9866.0
2022-03-11,5341,9722,6454.0,3712763,,3643833,9200.0
2022-03-12,3971,7151,6352.0,3716734,,3650984,8802.0
2022-03-13,5993,9045,6251.0,3722727,,3660029,8488.0
2022-03-14,6566,7826,5998.0,3729293,,3667855,8407.0
2022-03-15,6338,7235,5880.0,3735631,,3675090,8193.0
2022-03-16,6790,4886,5840.0,3742421,,3679976,7729.0
2022-03-17,6985,5247,5817.0,3749406,,3685223,7482.0
2022-03-18,7331,7108,5997.0,3756737,,3692331,7301.0
2022-03-19,7808,5860,6282.0,3764545,,3698191,6928.0
2022-03-20,12927,7413,6830.0,3777472,,3705604,6743.0
2022-03-21,14770,6629,7820.0,3792242,,3712233,6510.0
2022-03-22,13454,6841,8992.0,3805696,,3719074,6339.0
2022-03-23,14099,6042,10009.0,3819795,,3725116,6283.0
2022-03-24,12039,10143,11053.0,3831834,,3735259,6448.0
2022-03-25,11815,13794,11775.0,3843649,,3749053,7148.0
2022-03-26,9862,12413,12416.0,3853511,,3761466,8103.0
2022-03-27,15865,14095,12709.0,3869376,,3775561,9039.0
2022-03-28,15334,12841,13129.0,3884710,,3788402,9993.0
2022-03-29,14239,12461,13209.0,3898949,,3800863,10881.0
2022-03-30,12163,9521,13321.0,3911112,,3810384,11684.0
2022-03-31,10705,11408,13045.0,3921817,,3821792,12181.0
2022-04-01,10504,16303,12854.0,3932321,,3838095,12361.0
2022-04-02,7367,13242,12667.0,3939688,,3851337,12720.0
2022-04-03,10788,13777,12311.0,3950476,,3865114,12838.0
2022-04-04,10912,12243,11585.0,3961388,,3877357,12793.0
2022-04-05,9345,10941,10954.0,3970733,,3888298,12707.0
2022-04-06,8066,8610,10254.0,3978799,,3896908,12490.0
2022-04-07,6801,9111,9669.0,3985600,,3906019,12360.0
2022-04-08,6711,12512,9111.0,3992311,,3918531,12032.0
2022-04-09,4672,9564,8570.0,3996983,,3928095,11490.0
2022-04-10,6750,9285,8185.0,4003733,,3937380,10965.0
2022-04-11,6638,7780,7608.0,4010371,,3945160,10323.0
2022-04-12,5414,6927,6997.0,4015785,,3952087,9686.0
2022-04-13,4791,5833,6436.0,4020576,,3957920,9112.0
2022-04-14,4725,6024,5968.0,4025301,,3963944,8716.0
2022-04-15,3850,7554,5671.0,4029151,,3971498,8275.0
2022-04-16,2284,3864,5262.0,4031435,,3975362,7566.0
2022-04-17,4103,7451,4921.0,4035538,,3982813,6752.0
2022-04-18,4295,4882,4543.0,4039833,,3987695,6490.0
2022-04-19,4611,4838,4208.0,4044444,,3992533,6076.0
2022-04-20,4069,3655,4094.0,4048513,,3996188,5778.0
2022-04-21,3790,3533,3991.0,4052303,,3999721,5466.0
2022-04-22,2476,4730,3857.0,4054779,,4004451,5111.0
2022-04-23,2550,4379,3661.0,4057329,ביטול חובת עטיית מסיכה בחללים סגורים,4008830,4707.0
2022-04-24,3976,4926,3699.0,4061305,,4013756,4781.0
2022-04-25,4460,4413,3681.0,4065765,,4018169,4420.0
2022-04-26,3429,4262,3704.0,4069194,,4022431,4353.0
2022-04-27,2652,3068,3535.0,4071846,,4025499,4271.0
2022-04-28,2652,3566,3333.0,4074498,,4029065,4187.0
2022-04-29,2436,4816,3170.0,4076934,,4033881,4192.0
2022-04-30,1621,3953,3165.0,4078555,,4037834,4204.0
2022-05-01,2349,3738,3032.0,4080904,,4041572,4143.0
2022-05-02,2454,3108,2799.0,4083358,,4044680,3973.0
2022-05-03,2422,2751,2513.0,4085780,,4047431,3787.0
2022-05-04,2039,1937,2369.0,4087819,,4049368,3571.0
2022-05-05,1089,3113,2281.0,4088908,,4052481,3409.0
2022-05-06,2252,3001,2058.0,4091160,,4055482,3345.0
2022-05-07,1814,2725,2032.0,4092974,,4058207,3085.0
2022-05-08,2604,2609,2059.0,4095578,,4060816,2910.0
2022-05-09,2786,2075,2096.0,4098364,,4062891,2749.0
2022-05-10,2254,1821,2143.0,4100618,,4064712,2601.0
2022-05-11,2094,2092,2119.0,4102712,,4066804,2468.0
2022-05-12,2043,2875,2127.0,4104755,,4069679,2490.0
2022-05-13,2044,3215,2263.0,4106799,,4072894,2456.0
2022-05-14,1485,2559,2234.0,4108284,,4075453,2487.0
2022-05-15,2405,2415,2187.0,4110689,,4077868,2463.0
2022-05-16,2528,2020,2158.0,4113217,,4079888,2436.0
2022-05-17,2312,2459,2121.0,4115529,,4082347,2428.0
2022-05-18,2181,1775,2130.0,4117710,,4084122,2519.0
2022-05-19,1959,1849,2142.0,4119669,,4085971,2474.0
2022-05-20,2163,2387,2130.0,4121832,"ביטול חובת בדיקות לחוזרים מחו""ל",4088358,2327.0
2022-05-21,1249,2633,2147.0,4123081,,4090991,2209.0
2022-05-22,1986,2310,2113.0,4125067,,4093301,2219.0
2022-05-23,2237,2184,2054.0,4127304,ביטול חובת עטיית מסיכה בטיסות,4095485,2204.0
2022-05-24,1930,2402,2012.0,4129234,,4097887,2228.0
2022-05-25,2149,1830,1957.0,4131383,,4099717,2220.0
2022-05-26,1792,1509,1953.0,4133175,,4101226,2227.0
2022-05-27,1845,2749,1929.0,4135020,,4103975,2179.0
2022-05-28,1310,1272,1884.0,4136330,,4105247,2231.0
2022-05-29,2426,3017,1892.0,4138756,,4108264,2036.0
2022-05-30,2900,1852,1955.0,4141656,,4110116,2137.0
2022-05-31,2471,1928,2050.0,4144127,,4112044,2090.0
2022-06-01,2460,1420,2127.0,4146587,,4113464,2022.0
2022-06-02,2236,1383,2172.0,4148823,,4114847,1963.0
2022-06-03,2407,3130,2235.0,4151230,,4117977,1945.0
2022-06-04,1578,2239,2315.0,4152808,,4120216,2000.0
2022-06-05,2050,2323,2354.0,4154858,,4122539,2138.0
2022-06-06,3751,2183,2300.0,4158609,,4124722,2039.0
2022-06-07,4768,2586,2421.0,4163377,,4127308,2086.0
2022-06-08,4998,1854,2750.0,4168375,,4129162,2180.0
2022-06-09,5870,2030,3112.0,4174245,,4131192,2242.0
2022-06-10,4675,2268,3631.0,4178920,,4133460,2335.0
2022-06-11,3340,3890,3955.0,4182260,,4137350,2211.0
2022-06-12,5846,4545,4207.0,4188106,,4141895,2447.0
2022-06-13,7511,4692,4749.0,4195617,,4146587,2765.0
2022-06-14,7715,4953,5286.0,4203332,,4151540,3123.0
2022-06-15,6735,3931,5707.0,4210067,,4155471,3461.0
2022-06-16,7554,3834,5956.0,4217621,,4159305,3758.0
2022-06-17,7116,7072,6196.0,4224737,,4166377,4016.0
2022-06-18,4971,5947,6545.0,4229708,,4172324,4702.0
2022-06-19,10241,7153,6778.0,4239949,,4179477,4996.0
2022-06-20,10809,6394,7406.0,4250758,,4185871,5368.0
2022-06-21,10909,6405,7877.0,4261667,,4192276,5612.0
2022-06-22,9700,5267,8333.0,4271367,,4197543,5819.0
2022-06-23,10195,6592,8757.0,4281562,,4204135,6010.0
2022-06-24,9645,10170,9134.0,4291207,,4214305,6404.0
2022-06-25,6322,8960,9495.0,4297529,,4223265,6846.0
2022-06-26,11508,10340,9688.0,4309037,,4233605,7277.0
2022-06-27,12915,8601,9869.0,4321952,,4242206,7732.0
2022-06-28,12126,9640,10170.0,4334078,,4251846,8047.0
2022-06-29,11185,6689,10344.0,4345263,,4258535,8510.0
2022-06-30,10178,7251,10556.0,4355441,,4265786,8713.0
2022-07-01,9447,12420,10554.0,4364888,,4278206,8807.0
2022-07-02,6909,10442,10525.0,4371797,,4288648,9128.0
2022-07-03,12249,11262,10609.0,4384046,,4299910,9340.0
2022-07-04,13935,9158,10715.0,4397981,,4309068,9472.0
2022-07-05,12057,9891,10861.0,4410038,,4318959,9551.0
2022-07-06,10528,7411,10851.0,4420566,,4326370,9587.0
2022-07-07,10006,8014,10757.0,4430572,,4334384,9690.0
2022-07-08,9149,13606,10733.0,4439721,,4347990,9799.0
2022-07-09,5702,10868,10690.0,4445423,,4358858,9969.0
2022-07-10,10506,11381,10518.0,4455929,,4370239,10030.0
2022-07-11,11717,9464,10269.0,4467646,,4379703,10047.0
2022-07-12,9660,10008,9952.0,4477306,,4389711,10090.0
2022-07-13,8304,7269,9609.0,4485610,,4396980,10107.0
2022-07-14,8017,5955,9292.0,4493627,,4402935,10087.0
2022-07-15,7636,12133,9007.0,4501263,,4415068,9793.0
2022-07-16,4364,9635,8791.0,4505627,,4424703,9582.0
2022-07-17,7993,10593,8600.0,4513620,,4435296,9406.0
2022-07-18,8739,7926,8241.0,4522359,,4443222,9293.0
2022-07-19,7012,8513,7816.0,4529371,,4451735,9074.0
2022-07-20,6216,6284,7437.0,4535587,,4458019,8860.0
2022-07-21,5521,5919,7139.0,4541108,,4463938,8719.0
2022-07-22,5166,6463,6783.0,4546274,,4470401,8714.0
2022-07-23,2884,9313,6430.0,4549158,,4479714,7904.0
2022-07-24,5637,8325,6218.0,4554795,,4488039,7858.0
2022-07-25,5640,4370,5882.0,4560435,,4492409,7534.0
2022-07-26,5495,4730,5439.0,4565930,,4497139,7026.0
2022-07-27,4403,3784,5222.0,4570333,,4500923,6486.0
2022-07-28,4089,8873,4963.0,4574422,,4509796,6129.0
2022-07-29,3345,6986,4759.0,4577767,,4516782,6551.0
2022-07-30,2097,5638,4499.0,4579864,,4522420,6625.0
2022-07-31,3698,5585,4386.0,4583562,,4528005,6100.0
2022-08-01,4285,4589,4109.0,4587847,,4532594,5709.0
2022-08-02,3561,5302,3916.0,4591408,,4537896,5740.0
2022-08-03,2999,3849,3639.0,4594407,,4541745,5822.0
2022-08-04,2806,3605,3439.0,4597213,,4545350,5831.0
2022-08-05,2444,5295,3255.0,4599657,,4550645,5079.0
2022-08-06,1269,4225,3127.0,4600926,,4554870,4837.0
2022-08-07,2303,4049,3008.0,4603229,,4558919,4635.0
2022-08-08,2557,3143,2809.0,4605786,,4562062,4416.0
2022-08-09,2309,3843,2562.0,4608095,,4565905,4209.0
2022-08-10,1984,2758,2383.0,4610079,,4568663,4001.0
2022-08-11,1651,2271,2238.0,4611730,,4570934,3845.0
2022-08-12,1537,3374,2073.0,4613267,,4574308,3654.0
2022-08-13,827,2938,1944.0,4614094,,4577246,3380.0
2022-08-14,1526,2591,1881.0,4615620,,4579837,3196.0
2022-08-15,1829,2019,1770.0,4617449,,4581856,2988.0
2022-08-16,1491,2590,1666.0,4618940,,4584446,2827.0
2022-08-17,1331,1759,1549.0,4620271,,4586205,2648.0
2022-08-18,1342,1850,1456.0,4621613,,4588055,2506.0
2022-08-19,1203,2573,1411.0,4622816,,4590628,2445.0
2022-08-20,466,1901,1364.0,4623282,,4592529,2331.0
2022-08-21,1153,1860,1312.0,4624435,,4594389,2183.0
2022-08-22,1310,1194,1259.0,4625745,,4595583,2078.0
2022-08-23,1097,1566,1185.0,4626842,,4597149,1961.0
2022-08-24,1043,1289,1128.0,4627885,,4598438,1814.0
2022-08-25,887,1526,1087.0,4628772,,4599964,1747.0
2022-08-26,915,1463,1022.0,4629687,,4601427,1701.0
2022-08-27,517,1389,981.0,4630204,,4602816,1542.0
2022-08-28,992,1163,988.0,4631196,,4603979,1469.0
2022-08-29,1098,1413,965.0,4632294,,4605392,1370.0
2022-08-30,896,1989,935.0,4633190,,4607381,1401.0
2022-08-31,845,913,906.0,4634035,,4608294,1461.0
2022-09-01,889,956,878.0,4634924,,4609250,1408.0
2022-09-02,827,1404,878.0,4635751,,4610654,1326.0
2022-09-03,476,965,866.0,4636227,,4611619,1318.0
2022-09-04,853,1092,860.0,4637080,,4612711,1257.0
2022-09-05,1041,995,840.0,4638121,,4613706,1247.0
2022-09-06,928,1083,832.0,4639049,,4614789,1187.0
2022-09-07,911,935,837.0,4639960,,4615724,1058.0
2022-09-08,978,849,846.0,4640938,,4616573,1061.0
2022-09-09,823,1257,859.0,4641761,,4617830,1046.0
2022-09-10,560,916,858.0,4642321,,4618746,1025.0
2022-09-11,1088,948,870.0,4643409,,4619694,1018.0
2022-09-12,1386,931,904.0,4644795,,4620625,997.0
2022-09-13,1195,1084,953.0,4645990,,4621709,988.0
2022-09-14,1108,818,991.0,4647098,,4622527,988.0
2022-09-15,1139,969,1019.0,4648237,,4623496,971.0
2022-09-16,1077,1638,1042.0,4649314,,4625134,989.0
2022-09-17,643,1172,1079.0,4649957,,4626306,1043.0
2022-09-18,1349,1361,1090.0,4651306,,4627667,1080.0
2022-09-19,1332,1149,1128.0,4652638,,4628816,1139.0
2022-09-20,1182,1301,1120.0,4653820,,4630117,1170.0
2022-09-21,1196,887,1118.0,4655016,,4631004,1201.0
2022-09-22,949,940,1131.0,4655965,,4631944,1211.0
2022-09-23,1038,1628,1104.0,4657003,,4633572,1206.0
2022-09-24,538,1223,1098.0,4657541,,4634795,1205.0
2022-09-25,903,1256,1083.0,4658444,,4636051,1212.0
2022-09-26,446,980,1019.0,4658890,,4637031,1197.0
2022-09-27,597,902,893.0,4659487,,4637933,1173.0
2022-09-28,1194,965,809.0,4660681,,4638898,1116.0
2022-09-29,1497,540,809.0,4662178,,4639438,1127.0
2022-09-30,1043,1049,887.0,4663221,,4640487,1070.0
2022-10-01,436,517,888.0,4663657,,4641004,987.0
2022-10-02,947,688,873.0,4664604,,4641692,887.0
2022-10-03,1190,1469,880.0,4665794,,4643161,805.0
2022-10-04,583,1290,986.0,4666377,,4644451,875.0
2022-10-05,81,682,984.0,4666458,,4645133,931.0
2022-10-06,851,799,825.0,4667309,,4645932,890.0
2022-10-07,892,750,733.0,4668201,,4646682,927.0
2022-10-08,393,1240,711.0,4668594,,4647922,885.0
2022-10-09,664,335,705.0,4669258,,4648257,988.0
2022-10-10,297,273,664.0,4669555,,4648530,937.0
2022-10-11,794,1123,537.0,4670349,,4649653,767.0
2022-10-12,790,564,567.0,4671139,,4650217,743.0
2022-10-13,753,601,668.0,4671892,,4650818,726.0
2022-10-14,657,641,654.0,4672549,,4651459,698.0
2022-10-15,355,404,621.0,4672904,,4651863,682.0
2022-10-16,604,850,615.0,4673508,,4652713,563.0
2022-10-17,407,664,607.0,4673915,,4653377,636.0
2022-10-18,798,841,622.0,4674713,,4654218,692.0
2022-10-19,857,502,623.0,4675570,,4654720,652.0
2022-10-20,745,524,633.0,4676315,,4655244,643.0
2022-10-21,801,644,631.0,4677116,,4655888,632.0
2022-10-22,392,432,652.0,4677508,,4656320,632.0
2022-10-23,827,1127,657.0,4678335,,4657447,636.0
2022-10-24,966,790,689.0,4679301,,4658237,676.0
2022-10-25,828,827,769.0,4680129,,4659064,694.0
2022-10-26,828,480,773.0,4680957,,4659544,692.0
2022-10-27,888,607,769.0,4681845,,4660151,689.0
2022-10-28,669,783,790.0,4682514,,4660934,701.0
2022-10-29,512,1161,771.0,4683026,,4662095,720.0
2022-10-30,984,926,788.0,4684010,,4663021,825.0
2022-10-31,1291,789,810.0,4685301,,4663810,796.0
2022-11-01,521,861,857.0,4685822,,4664671,796.0
2022-11-02,996,533,813.0,4686818,,4665204,801.0
2022-11-03,989,522,837.0,4687807,,4665726,808.0
2022-11-04,885,1112,851.0,4688692,,4666838,796.0
2022-11-05,667,951,882.0,4689359,,4667789,843.0
2022-11-06,965,607,904.0,4690324,,4668396,813.0
2022-11-07,1308,1008,902.0,4691632,,4669404,767.0
2022-11-08,1154,830,904.0,4692786,,4670234,799.0
2022-11-09,1127,585,994.0,4693913,,4670819,794.0
2022-11-10,1055,749,1013.0,4694968,,4671568,802.0
2022-11-11,975,1340,1023.0,4695943,,4672908,834.0
2022-11-12,589,1007,1035.0,4696532,,4673915,867.0
2022-11-13,1279,1173,1024.0,4697811,,4675088,875.0
2022-11-14,1560,1146,1069.0,4699371,,4676234,956.0
2022-11-15,1473,935,1105.0,4700844,,4677169,975.0
2022-11-16,1226,763,1151.0,4702070,,4677932,990.0
2022-11-17,1389,716,1165.0,4703459,,4678648,1016.0
2022-11-18,1252,1553,1213.0,4704711,,4680201,1011.0
2022-11-19,646,1207,1252.0,4705357,,4681408,1041.0
2022-11-20,1519,1328,1260.0,4706876,,4682736,1070.0
2022-11-21,1795,1110,1295.0,4708671,,4683846,1092.0
2022-11-22,1685,1176,1328.0,4710356,,4685022,1087.0
2022-11-23,1483,902,1358.0,4711839,,4685924,1121.0
2022-11-24,1604,926,1395.0,4713443,,4686850,1141.0
2022-11-25,1369,1683,1426.0,4714812,,4688533,1171.0
2022-11-26,773,1409,1443.0,4715585,,4689942,1190.0
2022-11-27,1660,1460,1461.0,4717245,,4691402,1219.0
2022-11-28,2043,1631,1481.0,4719288,,4693033,1238.0
2022-11-29,1848,1519,1516.0,4721136,,4694552,1312.0
2022-11-30,1657,940,1540.0,4722793,,4695492,1361.0
2022-12-01,1775,992,1564.0,4724568,,4696484,1366.0
2022-12-02,1453,1987,1589.0,4726021,,4698471,1376.0
2022-12-03,795,1469,1601.0,4726816,,4699940,1419.0
2022-12-04,1708,1652,1604.0,4728524,,4701592,1428.0
2022-12-05,2011,1550,1611.0,4730535,,4703142,1455.0
2022-12-06,1630,1562,1606.0,4732165,,4704704,1444.0
2022-12-07,1721,1101,1575.0,4733886,,4705805,1450.0
2022-12-08,1634,988,1584.0,4735520,,4706793,1473.0
2022-12-09,1402,2147,1564.0,4736922,,4708940,1472.0
2022-12-10,861,1731,1557.0,4737783,,4710671,1495.0
2022-12-11,1554,1518,1566.0,4739337,,4712189,1533.0
2022-12-12,1925,1470,1544.0,4741262,,4713659,1513.0
2022-12-13,1744,1525,1532.0,4743006,,4715184,1502.0
2022-12-14,1480,1154,1548.0,4744486,,4716338,1497.0
2022-12-15,1517,997,1514.0,4746003,,4717335,1504.0
2022-12-16,1361,1534,1497.0,4747364,,4718869,1506.0
2022-12-17,740,1594,1491.0,4748104,,4720463,1418.0
2022-12-18,1399,1817,1474.0,4749503,,4722280,1398.0
2022-12-19,1665,1368,1452.0,4751168,,4723648,1441.0
2022-12-20,1360,1431,1415.0,4752528,,4725079,1427.0
2022-12-21,1309,1020,1360.0,4753837,,4726099,1413.0
2022-12-22,1231,812,1335.0,4755068,,4726911,1394.0
2022-12-23,1011,1761,1295.0,4756079,,4728672,1368.0
2022-12-24,606,1348,1245.0,4756685,,4730020,1400.0
2022-12-25,1207,1043,1225.0,4757892,,4731063,1365.0
2022-12-26,1448,1256,1198.0,4759340,,4732319,1254.0
2022-12-27,1257,1265,1167.0,4760597,,4733584,1238.0
2022-12-28,1114,989,1152.0,4761711,,4734573,1215.0
2022-12-29,1072,776,1124.0,4762783,,4735349,1210.0
2022-12-30,792,1588,1102.0,4763575,,4736937,1205.0
2022-12-31,484,1262,1070.0,4764059,,4738199,1180.0
2023-01-01,1029,1179,1053.0,4765088,,4739378,1168.0
2023-01-02,1220,1104,1028.0,4766308,,4740482,1187.0
2023-01-03,1070,1260,995.0,4767378,,4741742,1166.0
2023-01-04,1019,836,968.0,4768397,,4742578,1165.0
2023-01-05,941,839,955.0,4769338,,4743417,1143.0
2023-01-06,847,1353,936.0,4770185,,4744770,1152.0
2023-01-07,513,1124,944.0,4770698,,4745894,1119.0
2023-01-08,991,1100,948.0,4771689,,4746994,1099.0
2023-01-09,1005,1230,943.0,4772694,,4748224,1088.0
2023-01-10,901,1322,912.0,4773595,,4749546,1106.0
2023-01-11,840,803,888.0,4774435,,4750349,1114.0
2023-01-12,749,863,862.0,4775184,,4751212,1110.0
2023-01-13,537,1331,835.0,4775721,,4752543,1113.0
2023-01-14,305,803,790.0,4776026,,4753346,1110.0
2023-01-15,862,1118,761.0,4776888,,4754464,1064.0
2023-01-16,823,850,742.0,4777711,,4755314,1067.0
2023-01-17,784,891,716.0,4778495,,4756205,1012.0
2023-01-18,692,602,700.0,4779187,,4756807,951.0
2023-01-19,641,633,678.0,4779828,,4757440,922.0
2023-01-20,501,1008,663.0,4780329,,4758448,889.0
2023-01-21,273,764,658.0,4780602,,4759212,843.0
2023-01-22,740,837,653.0,4781342,,4760049,838.0
2023-01-23,825,692,636.0,4782167,,4760741,797.0
2023-01-24,714,769,636.0,4782881,,4761510,775.0
2023-01-25,578,538,626.0,4783459,,4762048,757.0
2023-01-26,642,478,610.0,4784101,,4762526,748.0
2023-01-27,433,954,610.0,4784534,,4763480,726.0
2023-01-28,237,692,600.0,4784771,,4764172,718.0
2023-01-29,608,721,595.0,4785379,,4764893,708.0
2023-01-30,722,609,576.0,4786101,,4765502,692.0
2023-01-31,580,700,562.0,4786681,,4766202,680.0
2023-02-01,493,476,542.0,4787174,,4766678,670.0
2023-02-02,507,417,530.0,4787681,,4767095,661.0
2023-02-03,344,808,511.0,4788025,,4767903,652.0
2023-02-04,188,643,498.0,4788213,,4768546,631.0
2023-02-05,477,531,491.0,4788690,,4769077,624.0
2023-02-06,614,473,473.0,4789304,,4769550,597.0
2023-02-07,491,586,457.0,4789795,,4770136,578.0
2023-02-08,392,374,444.0,4790187,,4770510,562.0
2023-02-09,418,406,430.0,4790605,,4770916,547.0
2023-02-10,310,678,417.0,4790915,,4771594,545.0
2023-02-11,176,512,412.0,4791091,,4772106,527.0
2023-02-12,469,481,411.0,4791560,,4772587,508.0
2023-02-13,577,404,410.0,4792137,,4772991,501.0
2023-02-14,507,439,404.0,4792644,,4773430,491.0
2023-02-15,430,294,407.0,4793074,,4773724,470.0
2023-02-16,537,301,412.0,4793611,,4774025,459.0
2023-02-17,335,609,429.0,4793946,,4774634,444.0
2023-02-18,242,483,433.0,4794188,,4775117,434.0
2023-02-19,493,426,442.0,4794681,,4775543,430.0
2023-02-20,692,467,445.0,4795373,,4776010,422.0
2023-02-21,564,490,462.0,4795937,,4776500,431.0
2023-02-22,553,329,470.0,4796490,,4776829,438.0
2023-02-23,563,355,488.0,4797053,,4777184,443.0
2023-02-24,445,593,491.0,4797498,,4777777,451.0
2023-02-25,241,552,507.0,4797739,,4778329,449.0
2023-02-26,635,505,507.0,4798374,,4778834,458.0
2023-02-27,625,502,527.0,4798999,,4779336,470.0
2023-02-28,672,525,518.0,4799671,,4779861,475.0
2023-03-01,533,402,533.0,4800204,,4780263,480.0
2023-03-02,542,406,530.0,4800746,,4780669,490.0
2023-03-03,417,677,527.0,4801163,,4781346,497.0
2023-03-04,232,543,523.0,4801395,,4781889,509.0
2023-03-05,469,421,522.0,4801864,,4782310,508.0
2023-03-06,622,529,498.0,4802486,,4782839,496.0
2023-03-07,517,474,498.0,4803003,,4783313,500.0
2023-03-08,537,386,476.0,4803540,,4783699,493.0
2023-03-09,680,291,476.0,4804220,,4783990,490.0
2023-03-10,366,547,496.0,4804586,,4784537,474.0
2023-03-11,271,492,489.0,4804857,,4785029,455.0
2023-03-12,605,442,494.0,4805462,,4785471,448.0
2023-03-13,605,509,514.0,4806067,,4785980,451.0
2023-03-14,664,622,511.0,4806731,,4786602,448.0
2023-03-15,648,392,532.0,4807379,,4786994,469.0
2023-03-16,591,401,548.0,4807970,,4787395,470.0
2023-03-17,436,643,535.0,4808406,,4788038,486.0
2023-03-18,288,608,545.0,4808694,,4788646,500.0
2023-03-19,463,581,548.0,4809157,,4789227,516.0
2023-03-20,545,460,527.0,4809702,,4789687,536.0
2023-03-21,563,567,519.0,4810265,,4790254,529.0
2023-03-22,475,397,504.0,4810740,,4790651,521.0
2023-03-23,508,336,480.0,4811248,,4790987,522.0
2023-03-24,381,653,468.0,4811629,,4791640,513.0
2023-03-25,257,472,460.0,4811886,,4792112,514.0
2023-03-26,481,413,456.0,4812367,,4792525,495.0
2023-03-27,483,451,458.0,4812850,,4792976,471.0
2023-03-28,397,536,449.0,4813247,,4793512,469.0
2023-03-29,438,380,426.0,4813685,,4793892,465.0
2023-03-30,373,320,420.0,4814058,,4794212,463.0
2023-03-31,410,573,401.0,4814468,,4794785,460.0
2023-04-01,209,429,405.0,4814677,,4795214,449.0
2023-04-02,304,452,398.0,4814981,,4795666,443.0
2023-04-03,375,395,373.0,4815356,,4796061,448.0
2023-04-04,407,435,358.0,4815763,,4796496,440.0
2023-04-05,280,323,359.0,4816043,,4796819,426.0
2023-04-06,178,245,336.0,4816221,,4797064,418.0
2023-04-07,239,453,309.0,4816460,,4797517,407.0
2023-04-08,185,348,284.0,4816645,,4797865,390.0
2023-04-09,303,300,281.0,4816948,,4798165,378.0
2023-04-10,334,247,281.0,4817282,,4798412,357.0
2023-04-11,270,335,275.0,4817552,,4798747,335.0
2023-04-12,127,309,255.0,4817679,,4799056,321.0
2023-04-13,300,279,233.0,4817979,,4799335,319.0
2023-04-14,287,487,251.0,4818266,,4799822,324.0
2023-04-15,231,310,258.0,4818497,,4800132,329.0
2023-04-16,330,294,264.0,4818827,,4800426,323.0
2023-04-17,407,298,268.0,4819234,,4800724,323.0
2023-04-18,368,309,278.0,4819602,,4801033,330.0
2023-04-19,250,368,292.0,4819852,,4801401,326.0
2023-04-20,276,333,310.0,4820128,,4801734,335.0
2023-04-21,211,472,307.0,4820339,,4802206,342.0
2023-04-22,114,283,296.0,4820453,,4802489,340.0
2023-04-23,240,264,279.0,4820693,,4802753,336.0
2023-04-24,223,300,266.0,4820916,,4803053,332.0
2023-04-25,215,356,240.0,4821131,,4803409,332.0
2023-04-26,108,221,218.0,4821239,,4803630,339.0
2023-04-27,195,218,198.0,4821434,,4803848,318.0
2023-04-28,213,344,186.0,4821647,,4804192,302.0
2023-04-29,140,222,186.0,4821787,,4804414,283.0
2023-04-30,260,171,190.0,4822047,,4804585,275.0
2023-05-01,284,239,193.0,4822331,,4804824,261.0
2023-05-02,256,320,202.0,4822587,,4805144,253.0
2023-05-03,199,225,208.0,4822786,,4805369,247.0
2023-05-04,225,164,221.0,4823011,,4805533,248.0
2023-05-05,2,310,225.0,4823013,,4805843,240.0
