date,amount,recovered,avg,sum,coronaEvents,recovered_cum,recoveredAvg
2020-02-12T00:00:00.000Z,0,0,,9,,109,
2020-02-13T00:00:00.000Z,0,0,0.0,9,,109,0.0
2020-02-14T00:00:00.000Z,0,0,0.0,9,,109,0.0
2020-02-15T00:00:00.000Z,0,0,0.0,9,,109,0.0
2020-02-16T00:00:00.000Z,0,0,0.0,9,,109,0.0
2020-02-17T00:00:00.000Z,0,0,0.0,9,,109,0.0
2020-02-18T00:00:00.000Z,0,0,0.0,9,,109,0.0
2020-02-19T00:00:00.000Z,0,0,0.0,9,,109,0.0
2020-02-20T00:00:00.000Z,0,1,0.0,9,,110,0.0
2020-02-21T00:00:00.000Z,1,0,0.0,10,,110,0.0
2020-02-22T00:00:00.000Z,0,0,0.0,10,,110,0.0
2020-02-23T00:00:00.000Z,0,0,0.0,10,,110,0.0
2020-02-24T00:00:00.000Z,1,0,0.0,11,,110,0.0
2020-02-25T00:00:00.000Z,0,0,0.0,11,,110,0.0
2020-02-26T00:00:00.000Z,0,0,0.0,11,,110,0.0
2020-02-27T00:00:00.000Z,1,0,0.0,12,,110,0.0
2020-02-28T00:00:00.000Z,3,0,0.0,15,,110,0.0
2020-02-29T00:00:00.000Z,0,0,0.0,15,,110,0.0
2020-03-01T00:00:00.000Z,1,0,0.0,16,,110,0.0
2020-03-02T00:00:00.000Z,5,0,0.0,21,,110,0.0
2020-03-03T00:00:00.000Z,3,0,1.0,24,,110,0.0
2020-03-04T00:00:00.000Z,0,0,1.0,24,,110,0.0
2020-03-05T00:00:00.000Z,9,0,1.0,33,,110,0.0
2020-03-06T00:00:00.000Z,4,0,3.0,37,,110,0.0
2020-03-07T00:00:00.000Z,4,0,3.0,41,,110,0.0
2020-03-08T00:00:00.000Z,9,0,3.0,50,,110,0.0
2020-03-09T00:00:00.000Z,4,0,4.0,54,,110,0.0
2020-03-10T00:00:00.000Z,33,0,4.0,87,,110,0.0
2020-03-11T00:00:00.000Z,18,0,9.0,105,,110,0.0
2020-03-12T00:00:00.000Z,23,0,11.0,128,,110,0.0
2020-03-13T00:00:00.000Z,35,1,13.0,163,,111,0.0
2020-03-14T00:00:00.000Z,29,0,18.0,192,סגר ראשון ,111,0.0
2020-03-15T00:00:00.000Z,40,0,21.0,232,,111,0.0
2020-03-16T00:00:00.000Z,73,0,26.0,305,,111,0.0
2020-03-17T00:00:00.000Z,94,2,35.0,399,,113,0.0
2020-03-18T00:00:00.000Z,125,2,44.0,524,,115,0.0
2020-03-19T00:00:00.000Z,135,4,59.0,659,,119,0.0
2020-03-20T00:00:00.000Z,168,1,75.0,827,,120,1.0
2020-03-21T00:00:00.000Z,209,0,94.0,1036,,120,1.0
2020-03-22T00:00:00.000Z,252,5,120.0,1288,,125,1.0
2020-03-23T00:00:00.000Z,349,5,150.0,1637,,130,2.0
2020-03-24T00:00:00.000Z,418,5,190.0,2055,,135,2.0
2020-03-25T00:00:00.000Z,423,6,236.0,2478,,141,3.0
2020-03-26T00:00:00.000Z,519,8,279.0,2997,,149,3.0
2020-03-27T00:00:00.000Z,431,18,334.0,3428,,167,4.0
2020-03-28T00:00:00.000Z,476,9,371.0,3904,,176,6.0
2020-03-29T00:00:00.000Z,529,14,409.0,4433,,190,8.0
2020-03-30T00:00:00.000Z,549,33,449.0,4982,,223,9.0
2020-03-31T00:00:00.000Z,737,43,477.0,5719,,266,13.0
2020-04-01T00:00:00.000Z,693,32,523.0,6412,,298,18.0
2020-04-02T00:00:00.000Z,724,77,562.0,7136,,375,22.0
2020-04-03T00:00:00.000Z,600,54,591.0,7736,,429,32.0
2020-04-04T00:00:00.000Z,427,52,615.0,8163,,481,37.0
2020-04-05T00:00:00.000Z,584,100,608.0,8747,,581,43.0
2020-04-06T00:00:00.000Z,449,118,616.0,9196,,699,55.0
2020-04-07T00:00:00.000Z,376,120,602.0,9572,,819,68.0
2020-04-08T00:00:00.000Z,340,105,550.0,9912,,924,79.0
2020-04-09T00:00:00.000Z,340,110,500.0,10252,,1034,89.0
2020-04-10T00:00:00.000Z,355,123,445.0,10607,,1157,94.0
2020-04-11T00:00:00.000Z,342,119,410.0,10949,,1276,104.0
2020-04-12T00:00:00.000Z,551,258,398.0,11500,,1534,113.0
2020-04-13T00:00:00.000Z,437,276,393.0,11937,,1810,136.0
2020-04-14T00:00:00.000Z,393,285,391.0,12330,,2095,158.0
2020-04-15T00:00:00.000Z,305,275,394.0,12635,,2370,182.0
2020-04-16T00:00:00.000Z,296,328,389.0,12931,,2698,206.0
2020-04-17T00:00:00.000Z,297,355,382.0,13228,,3053,237.0
2020-04-18T00:00:00.000Z,288,249,374.0,13516,,3302,270.0
2020-04-19T00:00:00.000Z,274,379,366.0,13790,פתיחת משק חלקית לאחר סגר ראשון,3681,289.0
2020-04-20T00:00:00.000Z,297,447,327.0,14087,,4128,306.0
2020-04-21T00:00:00.000Z,279,371,307.0,14366,,4499,331.0
2020-04-22T00:00:00.000Z,226,390,290.0,14592,,4889,343.0
2020-04-23T00:00:00.000Z,274,325,279.0,14866,,5214,359.0
2020-04-24T00:00:00.000Z,250,336,276.0,15116,,5550,359.0
2020-04-25T00:00:00.000Z,159,374,269.0,15275,,5924,356.0
2020-04-26T00:00:00.000Z,82,429,251.0,15357,,6353,374.0
2020-04-27T00:00:00.000Z,127,466,223.0,15484,,6819,381.0
2020-04-28T00:00:00.000Z,161,563,199.0,15645,,7382,384.0
2020-04-29T00:00:00.000Z,82,349,182.0,15727,,7731,411.0
2020-04-30T00:00:00.000Z,143,426,162.0,15870,,8157,406.0
2020-05-01T00:00:00.000Z,116,421,143.0,15986,,8578,420.0
2020-05-02T00:00:00.000Z,57,275,124.0,16043,,8853,432.0
2020-05-03T00:00:00.000Z,26,283,109.0,16069,,9136,418.0
2020-05-04T00:00:00.000Z,55,257,101.0,16124,,9393,397.0
2020-05-05T00:00:00.000Z,33,315,91.0,16157,,9708,367.0
2020-05-06T00:00:00.000Z,65,259,73.0,16222,,9967,332.0
2020-05-07T00:00:00.000Z,61,224,70.0,16283,,10191,319.0
2020-05-08T00:00:00.000Z,33,222,59.0,16316,,10413,290.0
2020-05-09T00:00:00.000Z,20,90,47.0,16336,,10503,262.0
2020-05-10T00:00:00.000Z,29,168,41.0,16365,,10671,235.0
2020-05-11T00:00:00.000Z,39,327,42.0,16404,,10998,219.0
2020-05-12T00:00:00.000Z,23,257,40.0,16427,,11255,229.0
2020-05-13T00:00:00.000Z,39,176,38.0,16466,,11431,221.0
2020-05-14T00:00:00.000Z,22,238,34.0,16488,,11669,209.0
2020-05-15T00:00:00.000Z,12,159,29.0,16500,,11828,211.0
2020-05-16T00:00:00.000Z,5,99,26.0,16505,,11927,202.0
2020-05-17T00:00:00.000Z,15,147,24.0,16520,,12074,203.0
2020-05-18T00:00:00.000Z,27,272,22.0,16547,,12346,200.0
2020-05-19T00:00:00.000Z,22,149,20.0,16569,,12495,192.0
2020-05-20T00:00:00.000Z,15,108,20.0,16584,,12603,177.0
2020-05-21T00:00:00.000Z,18,121,16.0,16602,,12724,167.0
2020-05-22T00:00:00.000Z,19,160,16.0,16621,,12884,150.0
2020-05-23T00:00:00.000Z,5,42,17.0,16626,,12926,150.0
2020-05-24T00:00:00.000Z,13,114,17.0,16639,,13040,142.0
2020-05-25T00:00:00.000Z,22,132,17.0,16661,,13172,138.0
2020-05-26T00:00:00.000Z,50,89,16.0,16711,,13261,118.0
2020-05-27T00:00:00.000Z,40,59,20.0,16751,פתיחת משק מלאה לאחר סגר ראשון,13320,109.0
2020-05-28T00:00:00.000Z,77,112,23.0,16828,,13432,102.0
2020-05-29T00:00:00.000Z,113,39,32.0,16941,,13471,101.0
2020-05-30T00:00:00.000Z,29,40,45.0,16970,,13511,83.0
2020-05-31T00:00:00.000Z,87,60,49.0,17057,,13571,83.0
2020-06-01T00:00:00.000Z,100,67,59.0,17157,,13638,75.0
2020-06-02T00:00:00.000Z,122,53,70.0,17279,,13691,66.0
2020-06-03T00:00:00.000Z,96,27,81.0,17375,,13718,61.0
2020-06-04T00:00:00.000Z,142,42,89.0,17517,,13760,56.0
2020-06-05T00:00:00.000Z,127,37,98.0,17644,,13797,46.0
2020-06-06T00:00:00.000Z,78,24,100.0,17722,,13821,46.0
2020-06-07T00:00:00.000Z,140,42,107.0,17862,,13863,44.0
2020-06-08T00:00:00.000Z,179,39,115.0,18041,,13902,41.0
2020-06-09T00:00:00.000Z,174,46,126.0,18215,,13948,37.0
2020-06-10T00:00:00.000Z,241,51,133.0,18456,,13999,36.0
2020-06-11T00:00:00.000Z,193,55,154.0,18649,,14054,40.0
2020-06-12T00:00:00.000Z,184,53,161.0,18833,,14107,42.0
2020-06-13T00:00:00.000Z,149,41,169.0,18982,,14148,44.0
2020-06-14T00:00:00.000Z,137,50,180.0,19119,,14198,46.0
2020-06-15T00:00:00.000Z,200,88,179.0,19319,,14286,47.0
2020-06-16T00:00:00.000Z,297,51,182.0,19616,,14337,54.0
2020-06-17T00:00:00.000Z,268,48,200.0,19884,,14385,55.0
2020-06-18T00:00:00.000Z,303,50,204.0,20187,,14435,55.0
2020-06-19T00:00:00.000Z,311,57,219.0,20498,,14492,54.0
2020-06-20T00:00:00.000Z,160,37,237.0,20658,,14529,55.0
2020-06-21T00:00:00.000Z,174,49,239.0,20832,,14578,54.0
2020-06-22T00:00:00.000Z,344,60,244.0,21176,,14638,54.0
2020-06-23T00:00:00.000Z,452,84,265.0,21628,,14722,50.0
2020-06-24T00:00:00.000Z,485,72,287.0,22113,,14794,55.0
2020-06-25T00:00:00.000Z,516,76,318.0,22629,,14870,58.0
2020-06-26T00:00:00.000Z,463,130,348.0,23092,,15000,62.0
2020-06-27T00:00:00.000Z,397,50,370.0,23489,,15050,72.0
2020-06-28T00:00:00.000Z,383,139,404.0,23872,,15189,74.0
2020-06-29T00:00:00.000Z,759,166,434.0,24631,,15355,87.0
2020-06-30T00:00:00.000Z,789,127,493.0,25420,,15482,102.0
2020-07-01T00:00:00.000Z,966,98,541.0,26386,,15580,108.0
2020-07-02T00:00:00.000Z,1153,124,610.0,27539,,15704,112.0
2020-07-03T00:00:00.000Z,941,119,701.0,28480,,15823,119.0
2020-07-04T00:00:00.000Z,819,76,769.0,29299,,15899,117.0
2020-07-05T00:00:00.000Z,824,143,830.0,30123,,16042,121.0
2020-07-06T00:00:00.000Z,1128,193,893.0,31251,,16235,121.0
2020-07-07T00:00:00.000Z,1383,172,945.0,32634,,16407,125.0
2020-07-08T00:00:00.000Z,1329,225,1030.0,33963,,16632,132.0
2020-07-09T00:00:00.000Z,1520,225,1082.0,35483,,16857,150.0
2020-07-10T00:00:00.000Z,1404,210,1134.0,36887,,17067,164.0
2020-07-11T00:00:00.000Z,1168,191,1201.0,38055,,17258,177.0
2020-07-12T00:00:00.000Z,1236,336,1250.0,39291,,17594,194.0
2020-07-13T00:00:00.000Z,1717,360,1309.0,41008,,17954,221.0
2020-07-14T00:00:00.000Z,1601,313,1393.0,42609,,18267,245.0
2020-07-15T00:00:00.000Z,1873,361,1425.0,44482,,18628,265.0
2020-07-16T00:00:00.000Z,1936,508,1502.0,46418,,19136,285.0
2020-07-17T00:00:00.000Z,1601,481,1562.0,48019,,19617,325.0
2020-07-18T00:00:00.000Z,1444,447,1590.0,49463,,20064,364.0
2020-07-19T00:00:00.000Z,1016,515,1629.0,50479,,20579,400.0
2020-07-20T00:00:00.000Z,1887,624,1598.0,52366,,21203,426.0
2020-07-21T00:00:00.000Z,2004,640,1622.0,54370,,21843,464.0
2020-07-22T00:00:00.000Z,2039,3700,1680.0,56409,,25543,510.0
2020-07-23T00:00:00.000Z,1987,6688,1703.0,58396,,32231,987.0
2020-07-24T00:00:00.000Z,1824,1585,1711.0,60220,,33816,1870.0
2020-07-25T00:00:00.000Z,1110,587,1743.0,61330,,34403,2028.0
2020-07-26T00:00:00.000Z,1040,2714,1695.0,62370,,37117,2048.0
2020-07-27T00:00:00.000Z,2048,1749,1698.0,64418,,38866,2362.0
2020-07-28T00:00:00.000Z,2120,1547,1721.0,66538,,40413,2523.0
2020-07-29T00:00:00.000Z,1957,1391,1738.0,68495,,41804,2652.0
2020-07-30T00:00:00.000Z,1786,1674,1726.0,70281,,43478,2323.0
2020-07-31T00:00:00.000Z,1359,1290,1697.0,71640,,44768,1606.0
2020-08-01T00:00:00.000Z,622,532,1631.0,72262,,45300,1564.0
2020-08-02T00:00:00.000Z,708,2422,1561.0,72970,,47722,1556.0
2020-08-03T00:00:00.000Z,1799,1775,1514.0,74769,,49497,1515.0
2020-08-04T00:00:00.000Z,1724,1638,1478.0,76493,,51135,1518.0
2020-08-05T00:00:00.000Z,1686,1474,1422.0,78179,,52609,1531.0
2020-08-06T00:00:00.000Z,1675,1738,1383.0,79854,,54347,1543.0
2020-08-07T00:00:00.000Z,1760,1204,1367.0,81614,,55551,1552.0
2020-08-08T00:00:00.000Z,754,602,1424.0,82368,,56153,1540.0
2020-08-09T00:00:00.000Z,922,2323,1443.0,83290,,58476,1550.0
2020-08-10T00:00:00.000Z,1696,1389,1474.0,84986,,59865,1536.0
2020-08-11T00:00:00.000Z,1822,984,1459.0,86808,,60849,1481.0
2020-08-12T00:00:00.000Z,1615,1132,1473.0,88423,,61981,1387.0
2020-08-13T00:00:00.000Z,1641,1301,1463.0,90064,,63282,1338.0
2020-08-14T00:00:00.000Z,1389,984,1458.0,91453,,64266,1276.0
2020-08-15T00:00:00.000Z,754,566,1405.0,92207,,64832,1245.0
2020-08-16T00:00:00.000Z,1069,2209,1405.0,93276,,67041,1239.0
2020-08-17T00:00:00.000Z,1649,1183,1426.0,94925,,68224,1223.0
2020-08-18T00:00:00.000Z,1645,1113,1419.0,96570,,69337,1194.0
2020-08-19T00:00:00.000Z,1638,1465,1394.0,98208,,70802,1212.0
2020-08-20T00:00:00.000Z,1485,1424,1397.0,99693,,72226,1260.0
2020-08-21T00:00:00.000Z,1491,1034,1375.0,101184,,73260,1277.0
2020-08-22T00:00:00.000Z,710,661,1390.0,101894,,73921,1284.0
2020-08-23T00:00:00.000Z,964,2106,1383.0,102858,,76027,1298.0
2020-08-24T00:00:00.000Z,1901,1394,1368.0,104759,,77421,1283.0
2020-08-25T00:00:00.000Z,1957,791,1404.0,106716,,78212,1313.0
2020-08-26T00:00:00.000Z,1984,3622,1449.0,108700,,81834,1267.0
2020-08-27T00:00:00.000Z,2106,1506,1498.0,110806,,83340,1576.0
2020-08-28T00:00:00.000Z,1833,1826,1587.0,112639,,85166,1587.0
2020-08-29T00:00:00.000Z,907,705,1636.0,113546,,85871,1700.0
2020-08-30T00:00:00.000Z,1099,2244,1664.0,114645,,88115,1707.0
2020-08-31T00:00:00.000Z,2171,1463,1683.0,116816,,89578,1726.0
2020-09-01T00:00:00.000Z,2254,1005,1722.0,119070,,90583,1736.0
2020-09-02T00:00:00.000Z,3193,1392,1764.0,122263,,91975,1767.0
2020-09-03T00:00:00.000Z,2665,1789,1937.0,124928,,93764,1448.0
2020-09-04T00:00:00.000Z,2623,1187,2017.0,127551,,94951,1489.0
2020-09-05T00:00:00.000Z,1503,882,2130.0,129054,,95833,1397.0
2020-09-06T00:00:00.000Z,2176,2386,2215.0,131230,,98219,1423.0
2020-09-07T00:00:00.000Z,3385,1588,2369.0,134615,,99807,1443.0
2020-09-08T00:00:00.000Z,3487,1421,2542.0,138102,,101228,1461.0
2020-09-09T00:00:00.000Z,3991,1460,2718.0,142093,,102688,1520.0
2020-09-10T00:00:00.000Z,4152,1970,2832.0,146245,,104658,1530.0
2020-09-11T00:00:00.000Z,3972,1764,3045.0,150217,,106422,1556.0
2020-09-12T00:00:00.000Z,2718,1256,3238.0,152935,,107678,1638.0
2020-09-13T00:00:00.000Z,3172,3258,3411.0,156107,,110936,1692.0
2020-09-14T00:00:00.000Z,4803,2387,3553.0,160910,,113323,1816.0
2020-09-15T00:00:00.000Z,5527,2257,3756.0,166437,,115580,1930.0
2020-09-16T00:00:00.000Z,4568,2782,4047.0,171005,,118362,2050.0
2020-09-17T00:00:00.000Z,5378,3695,4130.0,176383,,122057,2239.0
2020-09-18T00:00:00.000Z,5333,2825,4305.0,181716,סגר שני,124882,2485.0
2020-09-19T00:00:00.000Z,3809,1433,4499.0,185525,,126315,2637.0
2020-09-20T00:00:00.000Z,2576,2464,4655.0,188101,,128779,2662.0
2020-09-21T00:00:00.000Z,3869,4629,4570.0,191970,,133408,2549.0
2020-09-22T00:00:00.000Z,7019,3497,4437.0,198989,,136905,2869.0
2020-09-23T00:00:00.000Z,7142,3801,4650.0,206131,,140706,3046.0
2020-09-24T00:00:00.000Z,8258,4562,5018.0,214389,,145268,3192.0
2020-09-25T00:00:00.000Z,8385,4117,5429.0,222774,,149385,3315.0
2020-09-26T00:00:00.000Z,5879,2388,5865.0,228653,,151773,3500.0
2020-09-27T00:00:00.000Z,3435,5658,6161.0,232088,,157431,3636.0
2020-09-28T00:00:00.000Z,1153,2158,6283.0,233241,,159589,4093.0
2020-09-29T00:00:00.000Z,4986,5758,5895.0,238227,,165347,3740.0
2020-09-30T00:00:00.000Z,9051,5092,5605.0,247278,,170439,4063.0
2020-10-01T00:00:00.000Z,7717,5739,5878.0,254995,,176178,4247.0
2020-10-02T00:00:00.000Z,7053,5562,5800.0,262048,,181740,4415.0
2020-10-03T00:00:00.000Z,2593,3478,5610.0,264641,,185218,4622.0
2020-10-04T00:00:00.000Z,2931,8083,5141.0,267572,,193301,4777.0
2020-10-05T00:00:00.000Z,5700,6928,5069.0,273272,,200229,5124.0
2020-10-06T00:00:00.000Z,4717,6385,5718.0,277989,,206614,5805.0
2020-10-07T00:00:00.000Z,4152,4871,5680.0,282141,,211485,5895.0
2020-10-08T00:00:00.000Z,3752,4778,4980.0,285893,,216263,5863.0
2020-10-09T00:00:00.000Z,2954,5078,4414.0,288847,,221341,5726.0
2020-10-10T00:00:00.000Z,915,3774,3828.0,289762,,225115,5657.0
2020-10-11T00:00:00.000Z,1637,7519,3588.0,291399,,232634,5699.0
2020-10-12T00:00:00.000Z,3153,5493,3403.0,294552,,238127,5619.0
2020-10-13T00:00:00.000Z,2335,5693,3040.0,296887,,243820,5414.0
2020-10-14T00:00:00.000Z,2117,5814,2699.0,299004,,249634,5315.0
2020-10-15T00:00:00.000Z,1609,5390,2409.0,300613,,255024,5449.0
2020-10-16T00:00:00.000Z,1496,3466,2102.0,302109,,258490,5537.0
2020-10-17T00:00:00.000Z,410,2498,1894.0,302519,,260988,5307.0
2020-10-18T00:00:00.000Z,921,4881,1822.0,303440,פתיחת סגר שני,265869,5124.0
2020-10-19T00:00:00.000Z,1517,2317,1720.0,304957,,268186,4747.0
2020-10-20T00:00:00.000Z,1192,1783,1486.0,306149,,269969,4294.0
2020-10-21T00:00:00.000Z,1169,3103,1323.0,307318,,273072,3735.0
2020-10-22T00:00:00.000Z,1031,3090,1187.0,308349,,276162,3348.0
2020-10-23T00:00:00.000Z,849,2418,1105.0,309198,,278580,3019.0
2020-10-24T00:00:00.000Z,247,1291,1012.0,309445,,279871,2870.0
2020-10-25T00:00:00.000Z,604,2655,989.0,310049,,282526,2697.0
2020-10-26T00:00:00.000Z,883,1279,944.0,310932,,283805,2379.0
2020-10-27T00:00:00.000Z,885,949,853.0,311817,,284754,2231.0
2020-10-28T00:00:00.000Z,724,1280,809.0,312541,,286034,2112.0
2020-10-29T00:00:00.000Z,647,1432,746.0,313188,,287466,1851.0
2020-10-30T00:00:00.000Z,681,1055,691.0,313869,,288521,1614.0
2020-10-31T00:00:00.000Z,228,792,667.0,314097,,289313,1420.0
2020-11-01T00:00:00.000Z,657,1497,664.0,314754,,290810,1348.0
2020-11-02T00:00:00.000Z,792,909,672.0,315546,,291719,1183.0
2020-11-03T00:00:00.000Z,844,720,659.0,316390,,292439,1130.0
2020-11-04T00:00:00.000Z,769,629,653.0,317159,,293068,1097.0
2020-11-05T00:00:00.000Z,568,836,659.0,317727,,293904,1004.0
2020-11-06T00:00:00.000Z,688,884,648.0,318415,,294788,919.0
2020-11-07T00:00:00.000Z,212,680,649.0,318627,הקלות סגר שני – פתיחת חנויות רחוב,295468,895.0
2020-11-08T00:00:00.000Z,534,678,647.0,319161,,296146,879.0
2020-11-09T00:00:00.000Z,722,915,629.0,319883,,297061,762.0
2020-11-10T00:00:00.000Z,674,335,619.0,320557,,297396,763.0
2020-11-11T00:00:00.000Z,768,1077,595.0,321325,,298473,708.0
2020-11-12T00:00:00.000Z,836,1198,595.0,322161,,299671,772.0
2020-11-13T00:00:00.000Z,760,731,633.0,322921,,300402,823.0
2020-11-14T00:00:00.000Z,291,418,643.0,323212,,300820,802.0
2020-11-15T00:00:00.000Z,626,960,655.0,323838,,301780,764.0
2020-11-16T00:00:00.000Z,874,652,668.0,324712,,302432,804.0
2020-11-17T00:00:00.000Z,830,576,689.0,325542,,303008,767.0
2020-11-18T00:00:00.000Z,796,786,712.0,326338,,303794,801.0
2020-11-19T00:00:00.000Z,770,747,716.0,327108,,304541,760.0
2020-11-20T00:00:00.000Z,772,664,706.0,327880,,305205,695.0
2020-11-21T00:00:00.000Z,423,446,708.0,328303,,305651,686.0
2020-11-22T00:00:00.000Z,763,991,727.0,329066,,306642,690.0
2020-11-23T00:00:00.000Z,961,652,746.0,330027,,307294,694.0
2020-11-24T00:00:00.000Z,859,539,759.0,330886,,307833,694.0
2020-11-25T00:00:00.000Z,1082,836,763.0,331968,,308669,689.0
2020-11-26T00:00:00.000Z,1083,918,804.0,333051,,309587,696.0
2020-11-27T00:00:00.000Z,1033,677,849.0,334084,הקלות סגר שני – פיילוט קניונים,310264,720.0
2020-11-28T00:00:00.000Z,581,409,886.0,334665,,310673,722.0
2020-11-29T00:00:00.000Z,1026,1095,908.0,335691,,311768,717.0
2020-11-30T00:00:00.000Z,1257,725,946.0,336948,,312493,732.0
2020-12-01T00:00:00.000Z,1199,694,988.0,338147,,313187,742.0
2020-12-02T00:00:00.000Z,1588,829,1037.0,339735,,314016,764.0
2020-12-03T00:00:00.000Z,1448,1419,1109.0,341183,,315435,763.0
2020-12-04T00:00:00.000Z,1515,859,1161.0,342698,,316294,835.0
2020-12-05T00:00:00.000Z,1000,588,1230.0,343698,,316882,861.0
2020-12-06T00:00:00.000Z,1358,1386,1290.0,345056,,318268,887.0
2020-12-07T00:00:00.000Z,1864,903,1337.0,346920,,319171,928.0
2020-12-08T00:00:00.000Z,1769,888,1424.0,348689,,320059,954.0
2020-12-09T00:00:00.000Z,1869,1019,1506.0,350558,,321078,981.0
2020-12-10T00:00:00.000Z,2006,1425,1546.0,352564,,322503,1008.0
2020-12-11T00:00:00.000Z,1834,1142,1625.0,354398,,323645,1009.0
2020-12-12T00:00:00.000Z,1298,912,1671.0,355696,,324557,1050.0
2020-12-13T00:00:00.000Z,1726,1890,1714.0,357422,,326447,1096.0
2020-12-14T00:00:00.000Z,2321,1254,1766.0,359743,,327701,1168.0
2020-12-15T00:00:00.000Z,2893,1193,1831.0,362636,,328894,1218.0
2020-12-16T00:00:00.000Z,2860,1610,1992.0,365496,,330504,1262.0
2020-12-17T00:00:00.000Z,2847,1933,2134.0,368343,,332437,1346.0
2020-12-18T00:00:00.000Z,2791,1543,2254.0,371134,,333980,1419.0
2020-12-19T00:00:00.000Z,1888,1080,2390.0,373022,,335060,1476.0
2020-12-20T00:00:00.000Z,3094,2542,2475.0,376116,תחילת חיסונים מנה 1,337602,1500.0
2020-12-21T00:00:00.000Z,3860,1544,2670.0,379976,,339146,1593.0
2020-12-22T00:00:00.000Z,4380,1615,2890.0,384356,,340761,1635.0
2020-12-23T00:00:00.000Z,4037,2013,3102.0,388393,,342774,1695.0
2020-12-24T00:00:00.000Z,4049,2854,3271.0,392442,,345628,1752.0
2020-12-25T00:00:00.000Z,4005,2387,3442.0,396447,,348015,1884.0
2020-12-26T00:00:00.000Z,2658,1793,3616.0,399105,,349808,2005.0
2020-12-27T00:00:00.000Z,3533,4174,3726.0,402638,סגר שלישי,353982,2106.0
2020-12-28T00:00:00.000Z,5521,2464,3788.0,408159,,356446,2340.0
2020-12-29T00:00:00.000Z,5633,2372,4026.0,413792,,358818,2471.0
2020-12-30T00:00:00.000Z,5869,3710,4205.0,419661,,362528,2579.0
2020-12-31T00:00:00.000Z,5864,4233,4466.0,425525,,366761,2822.0
2021-01-01T00:00:00.000Z,6011,3428,4726.0,431536,,370189,3019.0
2021-01-02T00:00:00.000Z,4212,2029,5012.0,435748,,372218,3167.0
2021-01-03T00:00:00.000Z,5230,5542,5234.0,440978,,377760,3201.0
2021-01-04T00:00:00.000Z,8424,3066,5477.0,449402,,380826,3396.0
2021-01-05T00:00:00.000Z,8226,2942,5891.0,457628,,383768,3482.0
2021-01-06T00:00:00.000Z,7883,4749,6262.0,465511,,388517,3564.0
2021-01-07T00:00:00.000Z,7662,5824,6550.0,473173,,394341,3712.0
2021-01-08T00:00:00.000Z,8160,4813,6806.0,481333,הידוק סגר שלישי,399154,3940.0
2021-01-09T00:00:00.000Z,5164,3060,7113.0,486497,,402214,4137.0
2021-01-10T00:00:00.000Z,6954,8313,7249.0,493451,תחילת חיסונים מנה 2,410527,4285.0
2021-01-11T00:00:00.000Z,9727,4823,7496.0,503178,,415350,4681.0
2021-01-12T00:00:00.000Z,9295,4545,7682.0,512473,,419895,4932.0
2021-01-13T00:00:00.000Z,9470,7977,7835.0,521943,,427872,5161.0
2021-01-14T00:00:00.000Z,9297,9144,8061.0,531240,,437016,5622.0
2021-01-15T00:00:00.000Z,8428,7962,8295.0,539668,,444978,6096.0
2021-01-16T00:00:00.000Z,5085,4259,8333.0,544753,,449237,6546.0
2021-01-17T00:00:00.000Z,5659,10855,8322.0,550412,,460092,6717.0
2021-01-18T00:00:00.000Z,10120,6135,8137.0,560532,,466227,7080.0
2021-01-19T00:00:00.000Z,8631,5470,8193.0,569163,,471697,7268.0
2021-01-20T00:00:00.000Z,8361,8730,8098.0,577524,,480427,7400.0
2021-01-21T00:00:00.000Z,7268,9919,7940.0,584792,,490346,7507.0
2021-01-22T00:00:00.000Z,7387,8409,7650.0,592179,,498755,7618.0
2021-01-23T00:00:00.000Z,2447,4160,7501.0,594626,,502915,7682.0
2021-01-24T00:00:00.000Z,4935,10479,7124.0,599561,,513394,7668.0
2021-01-25T00:00:00.000Z,8716,5590,7021.0,608277,,518984,7614.0
2021-01-26T00:00:00.000Z,7817,5070,6820.0,616094,,524054,7536.0
2021-01-27T00:00:00.000Z,7750,8630,6704.0,623844,,532684,7479.0
2021-01-28T00:00:00.000Z,7196,9177,6617.0,631040,,541861,7465.0
2021-01-29T00:00:00.000Z,6775,7511,6606.0,637815,,549372,7359.0
2021-01-30T00:00:00.000Z,2627,3528,6519.0,640442,,552900,7231.0
2021-01-31T00:00:00.000Z,5238,10049,6545.0,645680,,562949,7140.0
2021-02-01T00:00:00.000Z,8930,5098,6588.0,654610,,568047,7079.0
2021-02-02T00:00:00.000Z,8021,4379,6619.0,662631,,572426,7009.0
2021-02-03T00:00:00.000Z,7464,8146,6648.0,670095,,580572,6910.0
2021-02-04T00:00:00.000Z,7261,8100,6607.0,677356,,588672,6841.0
2021-02-05T00:00:00.000Z,6599,7222,6616.0,683955,,595894,6687.0
2021-02-06T00:00:00.000Z,2658,3037,6591.0,686613,,598931,6646.0
2021-02-07T00:00:00.000Z,4605,9671,6595.0,691218,פתיחת סגר שלשי ,608602,6575.0
2021-02-08T00:00:00.000Z,7854,4966,6505.0,699072,,613568,6521.0
2021-02-09T00:00:00.000Z,6172,4891,6351.0,705244,,618459,6503.0
2021-02-10T00:00:00.000Z,5676,8209,6087.0,710920,,626668,6576.0
2021-02-11T00:00:00.000Z,5084,8703,5832.0,716004,,635371,6585.0
2021-02-12T00:00:00.000Z,4674,7190,5521.0,720678,,642561,6671.0
2021-02-13T00:00:00.000Z,1890,3380,5246.0,722568,,645941,6666.0
2021-02-14T00:00:00.000Z,3489,9556,5136.0,726057,,655497,6715.0
2021-02-15T00:00:00.000Z,5199,4838,4977.0,731256,,660335,6699.0
2021-02-16T00:00:00.000Z,4584,3725,4597.0,735840,,664060,6681.0
2021-02-17T00:00:00.000Z,4169,6477,4370.0,740009,,670537,6514.0
2021-02-18T00:00:00.000Z,3337,7438,4155.0,743346,,677975,6267.0
2021-02-19T00:00:00.000Z,3793,5878,3906.0,747139,,683853,6086.0
2021-02-20T00:00:00.000Z,1255,3367,3780.0,748394,,687220,5898.0
2021-02-21T00:00:00.000Z,3113,7360,3689.0,751507,פתיחה חלקית של המשק לאחר סגר שלישי,694580,5897.0
2021-02-22T00:00:00.000Z,4811,3643,3635.0,756318,,698223,5583.0
2021-02-23T00:00:00.000Z,4442,3144,3580.0,760760,,701367,5412.0
2021-02-24T00:00:00.000Z,4377,5336,3560.0,765137,,706703,5329.0
2021-02-25T00:00:00.000Z,3820,4973,3589.0,768957,,711676,5166.0
2021-02-26T00:00:00.000Z,3819,3728,3658.0,772776,,715404,4814.0
2021-02-27T00:00:00.000Z,1443,1560,3662.0,774219,,716964,4507.0
2021-02-28T00:00:00.000Z,3028,5615,3689.0,777247,,722579,4249.0
2021-03-01T00:00:00.000Z,4854,2724,3677.0,782101,,725303,3999.0
2021-03-02T00:00:00.000Z,4404,2907,3683.0,786505,,728210,3868.0
2021-03-03T00:00:00.000Z,4671,4566,3677.0,791176,,732776,3834.0
2021-03-04T00:00:00.000Z,3659,4746,3719.0,794835,,737522,3724.0
2021-03-05T00:00:00.000Z,3695,3949,3696.0,798530,,741471,3692.0
2021-03-06T00:00:00.000Z,1841,1907,3679.0,800371,,743378,3723.0
2021-03-07T00:00:00.000Z,2367,5667,3736.0,802738,פתיחת משק מלאה לאחר סגר שלישי,749045,3773.0
2021-03-08T00:00:00.000Z,3798,2663,3641.0,806536,,751708,3780.0
2021-03-09T00:00:00.000Z,3127,2903,3490.0,809663,,754611,3772.0
2021-03-10T00:00:00.000Z,2843,4529,3308.0,812506,,759140,3771.0
2021-03-11T00:00:00.000Z,2553,4946,3047.0,815059,,764086,3766.0
2021-03-12T00:00:00.000Z,2414,3873,2889.0,817473,,767959,3794.0
2021-03-13T00:00:00.000Z,787,2009,2706.0,818260,,769968,3784.0
2021-03-14T00:00:00.000Z,1436,5769,2555.0,819696,,775737,3798.0
2021-03-15T00:00:00.000Z,2130,2605,2422.0,821826,,778342,3813.0
2021-03-16T00:00:00.000Z,1563,2219,2184.0,823389,,780561,3804.0
2021-03-17T00:00:00.000Z,1544,3604,1960.0,824933,,784165,3707.0
2021-03-18T00:00:00.000Z,1261,3567,1775.0,826194,,787732,3575.0
2021-03-19T00:00:00.000Z,1087,2532,1590.0,827281,,790264,3378.0
2021-03-20T00:00:00.000Z,350,1450,1401.0,827631,,791714,3186.0
2021-03-21T00:00:00.000Z,681,3463,1338.0,828312,,795177,3106.0
2021-03-22T00:00:00.000Z,992,1672,1230.0,829304,,796849,2777.0
2021-03-23T00:00:00.000Z,694,736,1068.0,829998,,797585,2643.0
2021-03-24T00:00:00.000Z,480,2235,944.0,830478,,799820,2432.0
2021-03-25T00:00:00.000Z,906,2090,792.0,831384,,801910,2236.0
2021-03-26T00:00:00.000Z,546,1488,741.0,831930,,803398,2025.0
2021-03-27T00:00:00.000Z,244,856,664.0,832174,,804254,1876.0
2021-03-28T00:00:00.000Z,134,876,649.0,832308,,805130,1791.0
2021-03-29T00:00:00.000Z,391,1467,570.0,832699,,806597,1421.0
2021-03-30T00:00:00.000Z,459,809,485.0,833158,,807406,1392.0
2021-03-31T00:00:00.000Z,500,1069,451.0,833658,,808475,1403.0
2021-04-01T00:00:00.000Z,334,1061,454.0,833992,,809536,1236.0
2021-04-02T00:00:00.000Z,419,633,372.0,834411,,810169,1089.0
2021-04-03T00:00:00.000Z,123,459,354.0,834534,,810628,967.0
2021-04-04T00:00:00.000Z,197,1047,337.0,834731,,811675,910.0
2021-04-05T00:00:00.000Z,383,508,346.0,835114,,812183,935.0
2021-04-06T00:00:00.000Z,307,491,345.0,835421,,812674,798.0
2021-04-07T00:00:00.000Z,273,425,323.0,835694,,813099,752.0
2021-04-08T00:00:00.000Z,212,636,290.0,835906,,813735,660.0
2021-04-09T00:00:00.000Z,226,577,273.0,836132,,814312,599.0
2021-04-10T00:00:00.000Z,86,385,245.0,836218,,814697,591.0
2021-04-11T00:00:00.000Z,141,774,240.0,836359,,815471,581.0
2021-04-12T00:00:00.000Z,224,357,232.0,836583,,815828,542.0
2021-04-13T00:00:00.000Z,198,376,209.0,836781,,816204,520.0
2021-04-14T00:00:00.000Z,195,482,194.0,836976,,816686,504.0
2021-04-15T00:00:00.000Z,95,260,183.0,837071,,816946,512.0
2021-04-16T00:00:00.000Z,110,365,166.0,837181,,817311,458.0
2021-04-17T00:00:00.000Z,89,211,149.0,837270,,817522,428.0
2021-04-18T00:00:00.000Z,222,543,150.0,837492,"פתיחת לימודים ללא קפסולות, 
ביטול חובת עטיית מסיכה בשטחים פתוחים",818065,403.0
2021-04-19T00:00:00.000Z,150,198,161.0,837642,,818263,370.0
2021-04-20T00:00:00.000Z,177,225,151.0,837819,,818488,347.0
2021-04-21T00:00:00.000Z,123,233,148.0,837942,,818721,326.0
2021-04-22T00:00:00.000Z,164,334,138.0,838106,,819055,290.0
2021-04-23T00:00:00.000Z,112,265,147.0,838218,,819320,301.0
2021-04-24T00:00:00.000Z,36,113,148.0,838254,,819433,287.0
2021-04-25T00:00:00.000Z,85,191,140.0,838339,,819624,273.0
2021-04-26T00:00:00.000Z,105,145,121.0,838444,,819769,222.0
2021-04-27T00:00:00.000Z,126,148,114.0,838570,,819917,215.0
2021-04-28T00:00:00.000Z,112,176,107.0,838682,,820093,204.0
2021-04-29T00:00:00.000Z,102,168,105.0,838784,,820261,196.0
2021-04-30T00:00:00.000Z,79,130,96.0,838863,,820391,172.0
2021-05-01T00:00:00.000Z,15,71,92.0,838878,,820462,153.0
2021-05-02T00:00:00.000Z,60,216,89.0,838938,,820678,147.0
2021-05-03T00:00:00.000Z,97,152,85.0,839035,,820830,150.0
2021-05-04T00:00:00.000Z,68,108,84.0,839103,,820938,151.0
2021-05-05T00:00:00.000Z,75,139,76.0,839178,,821077,145.0
2021-05-06T00:00:00.000Z,56,143,70.0,839234,,821220,140.0
2021-05-07T00:00:00.000Z,32,87,64.0,839266,,821307,137.0
2021-05-08T00:00:00.000Z,16,64,57.0,839282,,821371,130.0
2021-05-09T00:00:00.000Z,34,145,57.0,839316,,821516,129.0
2021-05-10T00:00:00.000Z,76,57,54.0,839392,,821573,119.0
2021-05-11T00:00:00.000Z,40,85,51.0,839432,,821658,106.0
2021-05-12T00:00:00.000Z,29,93,47.0,839461,,821751,102.0
2021-05-13T00:00:00.000Z,35,74,40.0,839496,,821825,96.0
2021-05-14T00:00:00.000Z,27,64,37.0,839523,,821889,86.0
2021-05-15T00:00:00.000Z,20,45,36.0,839543,,821934,83.0
2021-05-16T00:00:00.000Z,38,97,37.0,839581,,822031,80.0
2021-05-17T00:00:00.000Z,15,18,37.0,839596,,822049,73.0
2021-05-18T00:00:00.000Z,28,90,29.0,839624,,822139,68.0
2021-05-19T00:00:00.000Z,56,89,27.0,839680,,822228,68.0
2021-05-20T00:00:00.000Z,38,74,31.0,839718,,822302,68.0
2021-05-21T00:00:00.000Z,22,34,31.0,839740,,822336,68.0
2021-05-22T00:00:00.000Z,12,25,31.0,839752,,822361,63.0
2021-05-23T00:00:00.000Z,30,85,29.0,839782,,822446,61.0
2021-05-24T00:00:00.000Z,30,30,28.0,839812,,822476,59.0
2021-05-25T00:00:00.000Z,23,42,30.0,839835,,822518,61.0
2021-05-26T00:00:00.000Z,19,36,30.0,839854,,822554,54.0
2021-05-27T00:00:00.000Z,17,38,24.0,839871,,822592,46.0
2021-05-28T00:00:00.000Z,18,40,21.0,839889,,822632,41.0
2021-05-29T00:00:00.000Z,13,17,21.0,839902,,822649,42.0
2021-05-30T00:00:00.000Z,4,69,21.0,839906,,822718,41.0
2021-05-31T00:00:00.000Z,15,28,17.0,839921,,822746,38.0
2021-06-01T00:00:00.000Z,35,36,15.0,839956,,822782,38.0
2021-06-02T00:00:00.000Z,13,49,17.0,839969,,822831,37.0
2021-06-03T00:00:00.000Z,11,130,16.0,839980,,822961,39.0
2021-06-04T00:00:00.000Z,31,12,15.0,840011,,822973,52.0
2021-06-05T00:00:00.000Z,6,6,17.0,840017,,822979,48.0
2021-06-06T00:00:00.000Z,5,54,16.0,840022,,823033,47.0
2021-06-07T00:00:00.000Z,7,52,16.0,840029,,823085,45.0
2021-06-08T00:00:00.000Z,30,15,15.0,840059,,823100,48.0
2021-06-09T00:00:00.000Z,9,21,14.0,840068,,823121,45.0
2021-06-10T00:00:00.000Z,18,32,14.0,840086,,823153,41.0
2021-06-11T00:00:00.000Z,18,19,15.0,840104,,823172,27.0
2021-06-12T00:00:00.000Z,5,14,13.0,840109,,823186,28.0
2021-06-13T00:00:00.000Z,3,28,13.0,840112,,823214,29.0
2021-06-14T00:00:00.000Z,26,21,12.0,840138,,823235,25.0
2021-06-15T00:00:00.000Z,28,15,15.0,840166,,823250,21.0
2021-06-16T00:00:00.000Z,14,10,15.0,840180,,823260,21.0
2021-06-17T00:00:00.000Z,31,44,16.0,840211,,823304,19.0
2021-06-18T00:00:00.000Z,35,12,17.0,840246,,823316,21.0
2021-06-19T00:00:00.000Z,47,9,20.0,840293,,823325,20.0
2021-06-20T00:00:00.000Z,58,87,26.0,840351,,823412,19.0
2021-06-21T00:00:00.000Z,125,38,34.0,840476,,823450,28.0
2021-06-22T00:00:00.000Z,118,10,48.0,840594,,823460,30.0
2021-06-23T00:00:00.000Z,159,25,61.0,840753,,823485,30.0
2021-06-24T00:00:00.000Z,253,40,81.0,841006,,823525,32.0
2021-06-25T00:00:00.000Z,250,16,113.0,841256,,823541,31.0
2021-06-26T00:00:00.000Z,132,15,144.0,841388,,823556,32.0
2021-06-27T00:00:00.000Z,145,72,156.0,841533,,823628,33.0
2021-06-28T00:00:00.000Z,289,57,168.0,841822,,823685,30.0
2021-06-29T00:00:00.000Z,308,75,192.0,842130,הפעלת התו הירוק במתחמים מעל 100 איש בגל הרביעי,823760,33.0
2021-06-30T00:00:00.000Z,377,93,219.0,842507,,823853,42.0
2021-07-01T00:00:00.000Z,299,163,250.0,842806,,824016,52.0
2021-07-02T00:00:00.000Z,398,136,257.0,843204,,824152,70.0
2021-07-03T00:00:00.000Z,189,96,278.0,843393,,824248,87.0
2021-07-04T00:00:00.000Z,353,286,286.0,843746,,824534,98.0
2021-07-05T00:00:00.000Z,504,194,316.0,844250,,824728,129.0
2021-07-06T00:00:00.000Z,571,174,346.0,844821,,824902,149.0
2021-07-07T00:00:00.000Z,533,243,384.0,845354,,825145,163.0
2021-07-08T00:00:00.000Z,476,326,406.0,845830,,825471,184.0
2021-07-09T00:00:00.000Z,545,246,432.0,846375,,825717,207.0
2021-07-10T00:00:00.000Z,262,132,453.0,846637,,825849,223.0
2021-07-11T00:00:00.000Z,443,423,463.0,847080,,826272,228.0
2021-07-12T00:00:00.000Z,770,280,476.0,847850,,826552,248.0
2021-07-13T00:00:00.000Z,750,326,514.0,848600,,826878,260.0
2021-07-14T00:00:00.000Z,772,448,539.0,849372,,827326,282.0
2021-07-15T00:00:00.000Z,891,561,574.0,850263,,827887,311.0
2021-07-16T00:00:00.000Z,1152,469,633.0,851415,,828356,345.0
2021-07-17T00:00:00.000Z,444,200,720.0,851859,,828556,377.0
2021-07-18T00:00:00.000Z,838,642,746.0,852697,,829198,386.0
2021-07-19T00:00:00.000Z,1415,444,802.0,854112,,829642,418.0
2021-07-20T00:00:00.000Z,1416,376,894.0,855528,,830018,441.0
2021-07-21T00:00:00.000Z,1391,640,989.0,856919,,830658,448.0
2021-07-22T00:00:00.000Z,1290,777,1078.0,858209,,831435,476.0
2021-07-23T00:00:00.000Z,1442,696,1135.0,859651,,832131,506.0
2021-07-24T00:00:00.000Z,972,404,1176.0,860623,,832535,539.0
2021-07-25T00:00:00.000Z,1453,1302,1252.0,862076,,833837,568.0
2021-07-26T00:00:00.000Z,2134,831,1339.0,864210,,834668,662.0
2021-07-27T00:00:00.000Z,2309,898,1442.0,866519,,835566,718.0
2021-07-28T00:00:00.000Z,2205,1148,1570.0,868724,,836714,792.0
2021-07-29T00:00:00.000Z,2180,1354,1686.0,870904,,838068,865.0
2021-07-30T00:00:00.000Z,2474,1226,1813.0,873378,,839294,947.0
2021-07-31T00:00:00.000Z,2104,582,1961.0,875482,,839876,1023.0
2021-08-01T00:00:00.000Z,2125,1902,2122.0,877607,תחילת חיסונים מנה 3,841778,1048.0
2021-08-02T00:00:00.000Z,3861,1110,2218.0,881468,,842888,1134.0
2021-08-03T00:00:00.000Z,3311,1251,2465.0,884779,,844139,1174.0
2021-08-04T00:00:00.000Z,3509,1837,2608.0,888288,,845976,1224.0
2021-08-05T00:00:00.000Z,3886,2254,2794.0,892174,,848230,1323.0
2021-08-06T00:00:00.000Z,3888,1901,3038.0,896062,,850131,1451.0
2021-08-07T00:00:00.000Z,2935,1007,3240.0,898997,,851138,1548.0
2021-08-08T00:00:00.000Z,3445,3254,3359.0,902442,,854392,1608.0
2021-08-09T00:00:00.000Z,6379,1999,3547.0,908821,,856391,1802.0
2021-08-10T00:00:00.000Z,5859,2348,3907.0,914680,,858739,1929.0
2021-08-11T00:00:00.000Z,6026,3246,4271.0,920706,,861985,2085.0
2021-08-12T00:00:00.000Z,6149,3620,4631.0,926855,,865605,2287.0
2021-08-13T00:00:00.000Z,5975,3235,4954.0,932830,,868840,2482.0
2021-08-14T00:00:00.000Z,4232,1567,5252.0,937062,,870407,2672.0
2021-08-15T00:00:00.000Z,5195,5054,5437.0,942257,,875461,2752.0
2021-08-16T00:00:00.000Z,8793,3410,5687.0,951050,,878871,3009.0
2021-08-17T00:00:00.000Z,7990,3311,6032.0,959040,,882182,3211.0
2021-08-18T00:00:00.000Z,8036,5268,6337.0,967076,,887450,3349.0
2021-08-19T00:00:00.000Z,7839,5826,6624.0,974915,,893276,3637.0
2021-08-20T00:00:00.000Z,7903,5450,6865.0,982818,,898726,3953.0
2021-08-21T00:00:00.000Z,5414,2709,7141.0,988232,,901435,4269.0
2021-08-22T00:00:00.000Z,6592,8159,7310.0,994824,,909594,4432.0
2021-08-23T00:00:00.000Z,10111,4972,7509.0,1004935,,914566,4876.0
2021-08-24T00:00:00.000Z,10084,4869,7697.0,1015019,,919435,5099.0
2021-08-25T00:00:00.000Z,9244,7688,7997.0,1024263,,927123,5321.0
2021-08-26T00:00:00.000Z,9123,8541,8169.0,1033386,,935664,5667.0
2021-08-27T00:00:00.000Z,8697,7869,8353.0,1042083,,943533,6055.0
2021-08-28T00:00:00.000Z,7279,3925,8466.0,1049362,,947458,6401.0
2021-08-29T00:00:00.000Z,6791,10646,8732.0,1056153,,958104,6574.0
2021-08-30T00:00:00.000Z,11155,6862,8761.0,1067308,,964966,6930.0
2021-08-31T00:00:00.000Z,10447,6333,8910.0,1077755,,971299,7200.0
2021-09-01T00:00:00.000Z,11300,9278,8962.0,1089055,,980577,7409.0
2021-09-02T00:00:00.000Z,11343,10495,9256.0,1100398,,991072,7636.0
2021-09-03T00:00:00.000Z,9912,9278,9573.0,1110310,,1000350,7915.0
2021-09-04T00:00:00.000Z,5064,5158,9746.0,1115374,,1005508,8116.0
2021-09-05T00:00:00.000Z,5866,12331,9430.0,1121240,,1017839,8292.0
2021-09-06T00:00:00.000Z,10869,9130,9298.0,1132109,,1026969,8533.0
2021-09-07T00:00:00.000Z,6864,4896,9257.0,1138973,,1031865,8857.0
2021-09-08T00:00:00.000Z,3320,5827,8745.0,1142293,,1037692,8652.0
2021-09-09T00:00:00.000Z,7958,13115,7605.0,1150251,,1050807,8159.0
2021-09-10T00:00:00.000Z,9898,11396,7121.0,1160149,,1062203,8533.0
2021-09-11T00:00:00.000Z,10289,5762,7119.0,1170438,,1067965,8836.0
2021-09-12T00:00:00.000Z,7808,12697,7866.0,1178246,,1080662,8922.0
2021-09-13T00:00:00.000Z,10953,7648,8143.0,1189199,,1088310,8974.0
2021-09-14T00:00:00.000Z,9857,6810,8155.0,1199056,,1095120,8763.0
2021-09-15T00:00:00.000Z,8865,9997,8583.0,1207921,,1105117,9036.0
2021-09-16T00:00:00.000Z,3286,3806,9375.0,1211207,,1108923,9632.0
2021-09-17T00:00:00.000Z,5025,6844,8708.0,1216232,,1115767,8302.0
2021-09-18T00:00:00.000Z,8619,3726,8011.0,1224851,,1119493,7652.0
2021-09-19T00:00:00.000Z,6555,15865,7773.0,1231406,,1135358,7361.0
2021-09-20T00:00:00.000Z,8828,10696,7594.0,1240234,,1146054,7813.0
2021-09-21T00:00:00.000Z,4826,4121,7290.0,1245060,,1150175,8249.0
2021-09-22T00:00:00.000Z,6025,11536,6572.0,1251085,,1161711,7865.0
2021-09-23T00:00:00.000Z,6452,9711,6166.0,1257537,,1171422,8084.0
2021-09-24T00:00:00.000Z,4990,7770,6618.0,1262527,,1179192,8928.0
2021-09-25T00:00:00.000Z,2653,3150,6613.0,1265180,,1182342,9060.0
2021-09-26T00:00:00.000Z,3874,5344,5761.0,1269054,,1187686,8978.0
2021-09-27T00:00:00.000Z,5247,8918,5378.0,1274301,,1196604,7475.0
2021-09-28T00:00:00.000Z,2441,5177,4866.0,1276742,,1201781,7221.0
2021-09-29T00:00:00.000Z,3635,9523,4526.0,1280377,,1211304,7372.0
2021-09-30T00:00:00.000Z,4397,6766,4184.0,1284774,,1218070,7084.0
2021-10-01T00:00:00.000Z,3622,4940,3891.0,1288396,,1223010,6664.0
2021-10-02T00:00:00.000Z,1739,3641,3695.0,1290135,,1226651,6259.0
2021-10-03T00:00:00.000Z,2701,7648,3565.0,1292836,הנחיות חדשות בתו הירוק,1234299,6329.0
2021-10-04T00:00:00.000Z,3278,4469,3397.0,1296114,,1238768,6659.0
2021-10-05T00:00:00.000Z,2556,4065,3116.0,1298670,,1242833,6023.0
2021-10-06T00:00:00.000Z,2427,4643,3132.0,1301097,,1247476,5864.0
2021-10-07T00:00:00.000Z,2119,3937,2960.0,1303216,,1251413,5167.0
2021-10-08T00:00:00.000Z,2024,3126,2634.0,1305240,,1254539,4763.0
2021-10-09T00:00:00.000Z,1040,2999,2406.0,1306280,,1257538,4504.0
2021-10-10T00:00:00.000Z,1490,5182,2306.0,1307770,,1262720,4412.0
2021-10-11T00:00:00.000Z,2343,2688,2133.0,1310113,,1265408,4060.0
2021-10-12T00:00:00.000Z,1817,2933,1999.0,1311930,,1268341,3805.0
2021-10-13T00:00:00.000Z,1772,3215,1894.0,1313702,,1271556,3644.0
2021-10-14T00:00:00.000Z,1345,3133,1800.0,1315047,,1274689,3440.0
2021-10-15T00:00:00.000Z,1575,2194,1690.0,1316622,,1276883,3325.0
2021-10-16T00:00:00.000Z,740,1201,1626.0,1317362,,1278084,3192.0
2021-10-17T00:00:00.000Z,1221,3010,1583.0,1318583,,1281094,2935.0
2021-10-18T00:00:00.000Z,1508,1835,1544.0,1320091,,1282929,2624.0
2021-10-19T00:00:00.000Z,1150,1748,1425.0,1321241,,1284677,2503.0
2021-10-20T00:00:00.000Z,1036,2305,1330.0,1322277,,1286982,2333.0
2021-10-21T00:00:00.000Z,992,2325,1225.0,1323269,,1289307,2203.0
2021-10-22T00:00:00.000Z,983,1730,1174.0,1324252,,1291037,2088.0
2021-10-23T00:00:00.000Z,332,953,1090.0,1324584,,1291990,2022.0
2021-10-24T00:00:00.000Z,842,2248,1031.0,1325426,,1294238,1986.0
2021-10-25T00:00:00.000Z,930,1349,977.0,1326356,,1295587,1877.0
2021-10-26T00:00:00.000Z,729,1367,895.0,1327085,,1296954,1808.0
2021-10-27T00:00:00.000Z,648,1509,834.0,1327733,,1298463,1753.0
2021-10-28T00:00:00.000Z,661,1363,779.0,1328394,,1299826,1640.0
2021-10-29T00:00:00.000Z,618,1174,732.0,1329012,,1301000,1502.0
2021-10-30T00:00:00.000Z,225,640,680.0,1329237,,1301640,1423.0
2021-10-31T00:00:00.000Z,527,1391,664.0,1329764,,1303031,1378.0
2021-11-01T00:00:00.000Z,691,814,619.0,1330455,היתר כניסת תיירים לישראל על פי מתווה,1303845,1256.0
2021-11-02T00:00:00.000Z,665,868,585.0,1331120,,1304713,1179.0
2021-11-03T00:00:00.000Z,616,970,576.0,1331736,,1305683,1108.0
2021-11-04T00:00:00.000Z,519,988,571.0,1332255,,1306671,1031.0
2021-11-05T00:00:00.000Z,558,657,551.0,1332813,,1307328,977.0
2021-11-06T00:00:00.000Z,199,430,543.0,1333012,,1307758,904.0
2021-11-07T00:00:00.000Z,501,881,539.0,1333513,,1308639,874.0
2021-11-08T00:00:00.000Z,566,495,535.0,1334079,,1309134,801.0
2021-11-09T00:00:00.000Z,473,520,517.0,1334552,,1309654,755.0
2021-11-10T00:00:00.000Z,498,714,490.0,1335050,,1310368,705.0
2021-11-11T00:00:00.000Z,393,699,473.0,1335443,,1311067,669.0
2021-11-12T00:00:00.000Z,448,602,455.0,1335891,,1311669,628.0
2021-11-13T00:00:00.000Z,225,356,439.0,1336116,,1312025,620.0
2021-11-14T00:00:00.000Z,400,676,443.0,1336516,,1312701,609.0
2021-11-15T00:00:00.000Z,536,456,429.0,1337052,,1313157,580.0
2021-11-16T00:00:00.000Z,558,510,424.0,1337610,,1313667,574.0
2021-11-17T00:00:00.000Z,483,536,436.0,1338093,,1314203,573.0
2021-11-18T00:00:00.000Z,469,607,434.0,1338562,,1314810,547.0
2021-11-19T00:00:00.000Z,509,377,445.0,1339071,,1315187,534.0
2021-11-20T00:00:00.000Z,237,291,454.0,1339308,,1315478,502.0
2021-11-21T00:00:00.000Z,454,666,456.0,1339762,,1316144,493.0
2021-11-22T00:00:00.000Z,715,317,463.0,1340477,תחילת מבצע חיסונים לילדים בני 5-11,1316461,491.0
2021-11-23T00:00:00.000Z,603,335,489.0,1341080,,1316796,472.0
2021-11-24T00:00:00.000Z,543,505,495.0,1341623,,1317301,447.0
2021-11-25T00:00:00.000Z,538,554,504.0,1342161,,1317855,442.0
2021-11-26T00:00:00.000Z,542,391,514.0,1342703,,1318246,435.0
2021-11-27T00:00:00.000Z,169,308,518.0,1342872,,1318554,437.0
2021-11-28T00:00:00.000Z,542,765,509.0,1343414,,1319319,439.0
2021-11-29T00:00:00.000Z,700,451,521.0,1344114,,1319770,453.0
2021-11-30T00:00:00.000Z,577,546,519.0,1344691,,1320316,472.0
2021-12-01T00:00:00.000Z,563,625,515.0,1345254,,1320941,502.0
2021-12-02T00:00:00.000Z,520,642,518.0,1345774,,1321583,520.0
2021-12-03T00:00:00.000Z,486,520,516.0,1346260,,1322103,532.0
2021-12-04T00:00:00.000Z,248,313,508.0,1346508,,1322416,551.0
2021-12-05T00:00:00.000Z,539,718,519.0,1347047,,1323134,551.0
2021-12-06T00:00:00.000Z,739,446,519.0,1347786,,1323580,545.0
2021-12-07T00:00:00.000Z,812,504,524.0,1348598,,1324084,544.0
2021-12-08T00:00:00.000Z,714,633,558.0,1349312,,1324717,538.0
2021-12-09T00:00:00.000Z,647,670,579.0,1349959,,1325387,539.0
2021-12-10T00:00:00.000Z,607,548,597.0,1350566,,1325935,543.0
2021-12-11T00:00:00.000Z,236,539,615.0,1350802,,1326474,547.0
2021-12-12T00:00:00.000Z,492,705,613.0,1351294,,1327179,579.0
2021-12-13T00:00:00.000Z,772,425,606.0,1352066,,1327604,577.0
2021-12-14T00:00:00.000Z,702,461,611.0,1352768,,1328065,574.0
2021-12-15T00:00:00.000Z,789,663,595.0,1353557,,1328728,568.0
2021-12-16T00:00:00.000Z,862,830,606.0,1354419,,1329558,573.0
2021-12-17T00:00:00.000Z,877,696,637.0,1355296,,1330254,595.0
2021-12-18T00:00:00.000Z,393,427,675.0,1355689,,1330681,617.0
2021-12-19T00:00:00.000Z,1024,733,698.0,1356713,,1331414,601.0
2021-12-20T00:00:00.000Z,1331,501,774.0,1358044,,1331915,605.0
2021-12-21T00:00:00.000Z,1200,438,854.0,1359244,,1332353,615.0
2021-12-22T00:00:00.000Z,1415,630,925.0,1360659,,1332983,612.0
2021-12-23T00:00:00.000Z,1514,667,1014.0,1362173,,1333650,607.0
2021-12-24T00:00:00.000Z,1789,666,1107.0,1363962,,1334316,584.0
2021-12-25T00:00:00.000Z,806,454,1238.0,1364768,,1334770,580.0
2021-12-26T00:00:00.000Z,1805,901,1297.0,1366573,,1335671,584.0
2021-12-27T00:00:00.000Z,2972,768,1408.0,1369545,,1336439,608.0
2021-12-28T00:00:00.000Z,3241,1213,1643.0,1372786,,1337652,646.0
2021-12-29T00:00:00.000Z,4071,1215,1934.0,1376857,,1338867,757.0
2021-12-30T00:00:00.000Z,5079,1334,2314.0,1381936,,1340201,840.0
2021-12-31T00:00:00.000Z,5493,1155,2823.0,1387429,,1341356,935.0
2022-01-01T00:00:00.000Z,4230,1050,3352.0,1391659,,1342406,1005.0
2022-01-02T00:00:00.000Z,6609,1881,3841.0,1398268,תחילת חיסונים מנה 4 לבני 60 ומעלה ולצוותים רפואיים,1344287,1090.0
2022-01-03T00:00:00.000Z,10954,1455,4527.0,1409222,,1345742,1230.0
2022-01-04T00:00:00.000Z,12641,1848,5668.0,1421863,,1347590,1329.0
2022-01-05T00:00:00.000Z,18614,2711,7011.0,1440477,שינוי מדיניות בדיקות ובידודים - אנטיגן קובע מאומתים,1350301,1419.0
2022-01-06T00:00:00.000Z,19138,3548,9088.0,1459615,,1353849,1633.0
2022-01-07T00:00:00.000Z,22023,3707,11097.0,1481638,,1357556,1949.0
2022-01-08T00:00:00.000Z,22907,3142,13458.0,1504545,,1360698,2314.0
2022-01-09T00:00:00.000Z,31180,6185,16126.0,1535725,,1366883,2613.0
2022-01-10T00:00:00.000Z,41449,5023,19636.0,1577174,,1371906,3228.0
2022-01-11T00:00:00.000Z,47491,6985,23993.0,1624665,,1378891,3737.0
2022-01-12T00:00:00.000Z,48595,11762,28971.0,1673260,,1390653,4471.0
2022-01-13T00:00:00.000Z,49271,57946,33254.0,1722531,,1448599,5764.0
2022-01-14T00:00:00.000Z,45891,20054,37559.0,1768422,,1468653,13535.0
2022-01-15T00:00:00.000Z,45102,15838,40969.0,1813524,,1484491,15871.0
2022-01-16T00:00:00.000Z,64811,39518,44139.0,1878335,,1524009,17684.0
2022-01-17T00:00:00.000Z,72093,44934,48944.0,1950428,,1568943,22446.0
2022-01-18T00:00:00.000Z,73917,48332,53322.0,2024345,,1617275,28148.0
2022-01-19T00:00:00.000Z,75150,94463,57097.0,2099495,,1711738,34054.0
2022-01-20T00:00:00.000Z,75148,27928,60890.0,2174643,,1739666,45869.0
2022-01-21T00:00:00.000Z,65653,88460,64587.0,2240296,,1828126,41581.0
2022-01-22T00:00:00.000Z,67961,69473,67410.0,2308257,,1897599,51353.0
2022-01-23T00:00:00.000Z,85284,77137,70676.0,2393541,,1974736,59015.0
2022-01-24T00:00:00.000Z,83775,75427,73600.0,2477316,,2050163,64389.0
2022-01-25T00:00:00.000Z,76397,61290,75269.0,2553713,,2111453,68745.0
2022-01-26T00:00:00.000Z,67926,65547,75624.0,2621639,,2177000,70596.0
2022-01-27T00:00:00.000Z,57767,65332,74592.0,2679406,שינוי מדיניות בדיקות בחינוך - 2 בדיקות בשבוע לתלמידים,2242332,66466.0
2022-01-28T00:00:00.000Z,53794,48789,72109.0,2733200,,2291121,71809.0
2022-01-29T00:00:00.000Z,49468,97383,70414.0,2782668,,2388504,66142.0
2022-01-30T00:00:00.000Z,74559,77297,67773.0,2857227,,2465801,70129.0
2022-01-31T00:00:00.000Z,67913,65889,66240.0,2925140,,2531690,70152.0
2022-02-01T00:00:00.000Z,60574,62693,63974.0,2985714,,2594383,68789.0
2022-02-02T00:00:00.000Z,60935,44157,61714.0,3046649,,2638540,68990.0
2022-02-03T00:00:00.000Z,46796,55889,60715.0,3093445,,2694429,65934.0
2022-02-04T00:00:00.000Z,38288,78394,59148.0,3131733,,2772823,64585.0
2022-02-05T00:00:00.000Z,33670,32906,56933.0,3165403,,2805729,68814.0
2022-02-06T00:00:00.000Z,52756,82407,54676.0,3218159,,2888136,59603.0
2022-02-07T00:00:00.000Z,44041,57879,51561.0,3262200,,2946015,60333.0
2022-02-08T00:00:00.000Z,38307,47100,48151.0,3300507,,2993115,59189.0
2022-02-09T00:00:00.000Z,37435,33090,44970.0,3337942,,3026205,56961.0
2022-02-10T00:00:00.000Z,27953,35098,41613.0,3365895,,3061303,55380.0
2022-02-11T00:00:00.000Z,22531,45661,38921.0,3388426,,3106964,52410.0
2022-02-12T00:00:00.000Z,18057,26444,36670.0,3406483,,3133408,47734.0
2022-02-13T00:00:00.000Z,31644,43278,34440.0,3438127,,3176686,46811.0
2022-02-14T00:00:00.000Z,23698,67332,31424.0,3461825,,3244018,41221.0
2022-02-15T00:00:00.000Z,20441,28145,28517.0,3482266,,3272163,42571.0
2022-02-16T00:00:00.000Z,21315,25111,25965.0,3503581,,3297274,39864.0
2022-02-17T00:00:00.000Z,15517,23849,23662.0,3519098,,3321123,38724.0
2022-02-18T00:00:00.000Z,12594,32553,21886.0,3531692,,3353676,37117.0
2022-02-19T00:00:00.000Z,10371,19216,20466.0,3542063,,3372892,35244.0
2022-02-20T00:00:00.000Z,17720,27744,19368.0,3559783,,3400636,34212.0
2022-02-21T00:00:00.000Z,13084,26399,17379.0,3572867,,3427035,31992.0
2022-02-22T00:00:00.000Z,12166,17783,15863.0,3585033,,3444818,26145.0
2022-02-23T00:00:00.000Z,11961,14096,14681.0,3596994,,3458914,24665.0
2022-02-24T00:00:00.000Z,9158,15675,13344.0,3606152,,3474589,23091.0
2022-02-25T00:00:00.000Z,7779,22123,12436.0,3613931,,3496712,21923.0
2022-02-26T00:00:00.000Z,6003,13349,11748.0,3619934,,3510061,20433.0
2022-02-27T00:00:00.000Z,10914,14500,11124.0,3630848,,3524561,19595.0
2022-02-28T00:00:00.000Z,8529,13684,10152.0,3639377,,3538245,17703.0
2022-03-01T00:00:00.000Z,7754,11726,9501.0,3647131,,3549971,15887.0
2022-03-02T00:00:00.000Z,8316,8460,8871.0,3655447,,3558431,15021.0
2022-03-03T00:00:00.000Z,6812,11174,8350.0,3662259,,3569605,14216.0
2022-03-04T00:00:00.000Z,6059,12504,8015.0,3668318,,3582109,13573.0
2022-03-05T00:00:00.000Z,4678,9350,7769.0,3672996,,3591459,12199.0
2022-03-06T00:00:00.000Z,7760,9613,7580.0,3680756,,3601072,11628.0
2022-03-07T00:00:00.000Z,7397,9323,7129.0,3688153,,3610395,10930.0
2022-03-08T00:00:00.000Z,6616,10481,6968.0,3694769,,3620876,10307.0
2022-03-09T00:00:00.000Z,6950,6616,6805.0,3701719,,3627492,10129.0
2022-03-10T00:00:00.000Z,5723,6513,6610.0,3707442,,3634005,9865.0
2022-03-11T00:00:00.000Z,5341,9722,6454.0,3712783,,3643727,9200.0
2022-03-12T00:00:00.000Z,3971,7151,6352.0,3716754,,3650878,8802.0
2022-03-13T00:00:00.000Z,5993,9045,6251.0,3722747,,3659923,8488.0
2022-03-14T00:00:00.000Z,6567,7826,5998.0,3729314,,3667749,8407.0
2022-03-15T00:00:00.000Z,6338,7234,5880.0,3735652,,3674983,8193.0
2022-03-16T00:00:00.000Z,6790,4886,5840.0,3742442,,3679869,7729.0
2022-03-17T00:00:00.000Z,6985,5247,5817.0,3749427,,3685116,7482.0
2022-03-18T00:00:00.000Z,7331,7108,5997.0,3756758,,3692224,7301.0
2022-03-19T00:00:00.000Z,7808,5860,6282.0,3764566,,3698084,6928.0
2022-03-20T00:00:00.000Z,12927,7412,6830.0,3777493,,3705496,6743.0
2022-03-21T00:00:00.000Z,14770,6629,7820.0,3792263,,3712125,6510.0
2022-03-22T00:00:00.000Z,13454,6841,8992.0,3805717,,3718966,6339.0
2022-03-23T00:00:00.000Z,14098,6042,10009.0,3819815,,3725008,6283.0
2022-03-24T00:00:00.000Z,12039,10142,11053.0,3831854,,3735150,6448.0
2022-03-25T00:00:00.000Z,11815,13794,11775.0,3843669,,3748944,7147.0
2022-03-26T00:00:00.000Z,9862,12412,12415.0,3853531,,3761356,8102.0
2022-03-27T00:00:00.000Z,15865,14095,12709.0,3869396,,3775451,9038.0
2022-03-28T00:00:00.000Z,15334,12841,13129.0,3884730,,3788292,9993.0
2022-03-29T00:00:00.000Z,14239,12460,13209.0,3898969,,3800752,10881.0
2022-03-30T00:00:00.000Z,12163,9521,13321.0,3911132,,3810273,11683.0
2022-03-31T00:00:00.000Z,10705,11407,13045.0,3921837,,3821680,12180.0
2022-04-01T00:00:00.000Z,10504,16303,12854.0,3932341,,3837983,12361.0
2022-04-02T00:00:00.000Z,7367,13242,12667.0,3939708,,3851225,12719.0
2022-04-03T00:00:00.000Z,10789,13777,12311.0,3950497,,3865002,12838.0
2022-04-04T00:00:00.000Z,10912,12242,11585.0,3961409,,3877244,12793.0
2022-04-05T00:00:00.000Z,9345,10940,10954.0,3970754,,3888184,12707.0
2022-04-06T00:00:00.000Z,8066,8610,10255.0,3978820,,3896794,12490.0
2022-04-07T00:00:00.000Z,6801,9111,9669.0,3985621,,3905905,12360.0
2022-04-08T00:00:00.000Z,6712,12511,9112.0,3992333,,3918416,12032.0
2022-04-09T00:00:00.000Z,4672,9564,8570.0,3997005,,3927980,11490.0
2022-04-10T00:00:00.000Z,6750,9285,8185.0,4003755,,3937265,10965.0
2022-04-11T00:00:00.000Z,6638,7779,7608.0,4010393,,3945044,10323.0
2022-04-12T00:00:00.000Z,5414,6926,6997.0,4015807,,3951970,9685.0
2022-04-13T00:00:00.000Z,4791,5832,6436.0,4020598,,3957802,9112.0
2022-04-14T00:00:00.000Z,4726,6022,5968.0,4025324,,3963824,8715.0
2022-04-15T00:00:00.000Z,3850,7554,5671.0,4029174,,3971378,8274.0
2022-04-16T00:00:00.000Z,2284,3864,5263.0,4031458,,3975242,7566.0
2022-04-17T00:00:00.000Z,4103,7451,4921.0,4035561,,3982693,6751.0
2022-04-18T00:00:00.000Z,4295,4882,4543.0,4039856,,3987575,6489.0
2022-04-19T00:00:00.000Z,4611,4838,4209.0,4044467,,3992413,6075.0
2022-04-20T00:00:00.000Z,4069,3655,4094.0,4048536,,3996068,5777.0
2022-04-21T00:00:00.000Z,3790,3533,3991.0,4052326,,3999601,5466.0
2022-04-22T00:00:00.000Z,2476,4729,3857.0,4054802,,4004330,5111.0
2022-04-23T00:00:00.000Z,2550,4379,3661.0,4057352,ביטול חובת עטיית מסיכה בחללים סגורים,4008709,4707.0
2022-04-24T00:00:00.000Z,3976,4926,3699.0,4061328,,4013635,4781.0
2022-04-25T00:00:00.000Z,4460,4410,3681.0,4065788,,4018045,4420.0
2022-04-26T00:00:00.000Z,3429,4259,3704.0,4069217,,4022304,4352.0
2022-04-27T00:00:00.000Z,2652,3067,3535.0,4071869,,4025371,4270.0
2022-04-28T00:00:00.000Z,2652,3566,3333.0,4074521,,4028937,4186.0
2022-04-29T00:00:00.000Z,2436,4814,3170.0,4076957,,4033751,4190.0
2022-04-30T00:00:00.000Z,1621,3953,3165.0,4078578,,4037704,4203.0
2022-05-01T00:00:00.000Z,2349,3737,3032.0,4080927,,4041441,4142.0
2022-05-02T00:00:00.000Z,2454,3108,2799.0,4083381,,4044549,3972.0
2022-05-03T00:00:00.000Z,2422,2751,2513.0,4085803,,4047300,3786.0
2022-05-04T00:00:00.000Z,2039,1937,2369.0,4087842,,4049237,3570.0
2022-05-05T00:00:00.000Z,1089,3113,2281.0,4088931,,4052350,3409.0
2022-05-06T00:00:00.000Z,2252,3000,2058.0,4091183,,4055350,3344.0
2022-05-07T00:00:00.000Z,1815,2723,2032.0,4092998,,4058073,3085.0
2022-05-08T00:00:00.000Z,2604,2608,2060.0,4095602,,4060681,2909.0
2022-05-09T00:00:00.000Z,2786,2075,2096.0,4098388,,4062756,2748.0
2022-05-10T00:00:00.000Z,2254,1821,2143.0,4100642,,4064577,2601.0
2022-05-11T00:00:00.000Z,2094,2091,2119.0,4102736,,4066668,2468.0
2022-05-12T00:00:00.000Z,2043,2875,2127.0,4104779,,4069543,2490.0
2022-05-13T00:00:00.000Z,2044,3215,2264.0,4106823,,4072758,2456.0
2022-05-14T00:00:00.000Z,1485,2559,2234.0,4108308,,4075317,2486.0
2022-05-15T00:00:00.000Z,2406,2415,2187.0,4110714,,4077732,2463.0
2022-05-16T00:00:00.000Z,2528,2020,2158.0,4113242,,4079752,2435.0
2022-05-17T00:00:00.000Z,2312,2458,2122.0,4115554,,4082210,2428.0
2022-05-18T00:00:00.000Z,2181,1775,2130.0,4117735,,4083985,2519.0
2022-05-19T00:00:00.000Z,1959,1849,2142.0,4119694,,4085834,2473.0
2022-05-20T00:00:00.000Z,2163,2387,2130.0,4121857,"ביטול חובת בדיקות לחוזרים מחו""ל",4088221,2327.0
2022-05-21T00:00:00.000Z,1249,2633,2147.0,4123106,,4090854,2209.0
2022-05-22T00:00:00.000Z,1986,2310,2114.0,4125092,,4093164,2219.0
2022-05-23T00:00:00.000Z,2237,2183,2054.0,4127329,ביטול חובת עטיית מסיכה בטיסות,4095347,2204.0
2022-05-24T00:00:00.000Z,1930,2402,2012.0,4129259,,4097749,2227.0
2022-05-25T00:00:00.000Z,2149,1830,1957.0,4131408,,4099579,2219.0
2022-05-26T00:00:00.000Z,1792,1509,1953.0,4133200,,4101088,2227.0
2022-05-27T00:00:00.000Z,1844,2749,1929.0,4135044,,4103837,2179.0
2022-05-28T00:00:00.000Z,1310,1272,1883.0,4136354,,4105109,2230.0
2022-05-29T00:00:00.000Z,2426,3017,1892.0,4138780,,4108126,2036.0
2022-05-30T00:00:00.000Z,2900,1852,1955.0,4141680,,4109978,2137.0
2022-05-31T00:00:00.000Z,2471,1928,2050.0,4144151,,4111906,2090.0
2022-06-01T00:00:00.000Z,2460,1419,2127.0,4146611,,4113325,2022.0
2022-06-02T00:00:00.000Z,2236,1383,2171.0,4148847,,4114708,1963.0
2022-06-03T00:00:00.000Z,2407,3130,2235.0,4151254,,4117838,1945.0
2022-06-04T00:00:00.000Z,1578,2238,2315.0,4152832,,4120076,2000.0
2022-06-05T00:00:00.000Z,2050,2323,2354.0,4154882,,4122399,2138.0
2022-06-06T00:00:00.000Z,3751,2183,2300.0,4158633,,4124582,2039.0
2022-06-07T00:00:00.000Z,4768,2586,2421.0,4163401,,4127168,2086.0
2022-06-08T00:00:00.000Z,4998,1854,2750.0,4168399,,4129022,2180.0
2022-06-09T00:00:00.000Z,5870,2030,3112.0,4174269,,4131052,2242.0
2022-06-10T00:00:00.000Z,4675,2268,3631.0,4178944,,4133320,2334.0
2022-06-11T00:00:00.000Z,3340,3890,3955.0,4182284,,4137210,2211.0
2022-06-12T00:00:00.000Z,5846,4545,4207.0,4188130,,4141755,2447.0
2022-06-13T00:00:00.000Z,7512,4692,4749.0,4195642,,4146447,2765.0
2022-06-14T00:00:00.000Z,7715,4953,5287.0,4203357,,4151400,3123.0
2022-06-15T00:00:00.000Z,6735,3931,5708.0,4210092,,4155331,3461.0
2022-06-16T00:00:00.000Z,7554,3834,5956.0,4217646,,4159165,3758.0
2022-06-17T00:00:00.000Z,7116,7072,6196.0,4224762,,4166237,4016.0
2022-06-18T00:00:00.000Z,4971,5947,6545.0,4229733,,4172184,4702.0
2022-06-19T00:00:00.000Z,10241,7152,6778.0,4239974,,4179336,4996.0
2022-06-20T00:00:00.000Z,10809,6392,7406.0,4250783,,4185728,5368.0
2022-06-21T00:00:00.000Z,10909,6404,7877.0,4261692,,4192132,5611.0
2022-06-22T00:00:00.000Z,9700,5267,8333.0,4271392,,4197399,5818.0
2022-06-23T00:00:00.000Z,10195,6591,8757.0,4281587,,4203990,6009.0
2022-06-24T00:00:00.000Z,9645,10169,9134.0,4291232,,4214159,6403.0
2022-06-25T00:00:00.000Z,6322,8960,9495.0,4297554,,4223119,6846.0
2022-06-26T00:00:00.000Z,11508,10339,9688.0,4309062,,4233458,7276.0
2022-06-27T00:00:00.000Z,12916,8600,9869.0,4321978,,4242058,7731.0
2022-06-28T00:00:00.000Z,12127,9639,10170.0,4334105,,4251697,8047.0
2022-06-29T00:00:00.000Z,11185,6689,10344.0,4345290,,4258386,8509.0
2022-06-30T00:00:00.000Z,10178,7250,10556.0,4355468,,4265636,8712.0
2022-07-01T00:00:00.000Z,9447,12420,10554.0,4364915,,4278056,8806.0
2022-07-02T00:00:00.000Z,6909,10441,10526.0,4371824,,4288497,9128.0
2022-07-03T00:00:00.000Z,12251,11262,10610.0,4384075,,4299759,9339.0
2022-07-04T00:00:00.000Z,13935,9158,10716.0,4398010,,4308917,9471.0
2022-07-05T00:00:00.000Z,12057,9891,10861.0,4410067,,4318808,9551.0
2022-07-06T00:00:00.000Z,10527,7411,10851.0,4420594,,4326219,9587.0
2022-07-07T00:00:00.000Z,10005,8014,10757.0,4430599,,4334233,9690.0
2022-07-08T00:00:00.000Z,9149,13606,10733.0,4439748,,4347839,9799.0
2022-07-09T00:00:00.000Z,5702,10865,10690.0,4445450,,4358704,9969.0
2022-07-10T00:00:00.000Z,10507,11380,10518.0,4455957,,4370084,10029.0
2022-07-11T00:00:00.000Z,11717,9463,10268.0,4467674,,4379547,10046.0
2022-07-12T00:00:00.000Z,9660,10008,9952.0,4477334,,4389555,10090.0
2022-07-13T00:00:00.000Z,8304,7269,9609.0,4485638,,4396824,10106.0
2022-07-14T00:00:00.000Z,8016,5954,9292.0,4493654,,4402778,10086.0
2022-07-15T00:00:00.000Z,7637,12131,9007.0,4501291,,4414909,9792.0
2022-07-16T00:00:00.000Z,4364,9635,8791.0,4505655,,4424544,9581.0
2022-07-17T00:00:00.000Z,7993,10591,8600.0,4513648,,4435135,9405.0
2022-07-18T00:00:00.000Z,8737,7925,8241.0,4522385,,4443060,9293.0
2022-07-19T00:00:00.000Z,7012,8513,7815.0,4529397,,4451573,9073.0
2022-07-20T00:00:00.000Z,6216,6284,7437.0,4535613,,4457857,8859.0
2022-07-21T00:00:00.000Z,5521,5918,7139.0,4541134,,4463775,8719.0
2022-07-22T00:00:00.000Z,5166,6461,6782.0,4546300,,4470236,8713.0
2022-07-23T00:00:00.000Z,2884,9312,6429.0,4549184,,4479548,7903.0
2022-07-24T00:00:00.000Z,5637,8325,6218.0,4554821,,4487873,7857.0
2022-07-25T00:00:00.000Z,5640,4368,5881.0,4560461,,4492241,7534.0
2022-07-26T00:00:00.000Z,5494,4730,5439.0,4565955,,4496971,7025.0
2022-07-27T00:00:00.000Z,4403,3783,5222.0,4570358,,4500754,6485.0
2022-07-28T00:00:00.000Z,4089,8872,4963.0,4574447,,4509626,6128.0
2022-07-29T00:00:00.000Z,3345,6986,4759.0,4577792,,4516612,6550.0
2022-07-30T00:00:00.000Z,2097,5638,4498.0,4579889,,4522250,6625.0
2022-07-31T00:00:00.000Z,3698,5582,4386.0,4583587,,4527832,6100.0
2022-08-01T00:00:00.000Z,4285,4588,4109.0,4587872,,4532420,5708.0
2022-08-02T00:00:00.000Z,3562,5302,3915.0,4591434,,4537722,5739.0
2022-08-03T00:00:00.000Z,2999,3849,3639.0,4594433,,4541571,5821.0
2022-08-04T00:00:00.000Z,2806,3605,3439.0,4597239,,4545176,5831.0
2022-08-05T00:00:00.000Z,2444,5294,3256.0,4599683,,4550470,5078.0
2022-08-06T00:00:00.000Z,1269,4225,3127.0,4600952,,4554695,4836.0
2022-08-07T00:00:00.000Z,2303,4049,3009.0,4603255,,4558744,4635.0
2022-08-08T00:00:00.000Z,2557,3142,2809.0,4605812,,4561886,4416.0
2022-08-09T00:00:00.000Z,2309,3843,2562.0,4608121,,4565729,4209.0
2022-08-10T00:00:00.000Z,1984,2758,2383.0,4610105,,4568487,4001.0
2022-08-11T00:00:00.000Z,1651,2271,2238.0,4611756,,4570758,3845.0
2022-08-12T00:00:00.000Z,1537,3372,2073.0,4613293,,4574130,3654.0
2022-08-13T00:00:00.000Z,827,2938,1944.0,4614120,,4577068,3380.0
2022-08-14T00:00:00.000Z,1526,2589,1881.0,4615646,,4579657,3196.0
2022-08-15T00:00:00.000Z,1829,2018,1770.0,4617475,,4581675,2987.0
2022-08-16T00:00:00.000Z,1491,2587,1666.0,4618966,,4584262,2827.0
2022-08-17T00:00:00.000Z,1331,1758,1549.0,4620297,,4586020,2647.0
2022-08-18T00:00:00.000Z,1342,1850,1456.0,4621639,,4587870,2504.0
2022-08-19T00:00:00.000Z,1204,2572,1411.0,4622843,,4590442,2444.0
2022-08-20T00:00:00.000Z,466,1901,1364.0,4623309,,4592343,2330.0
2022-08-21T00:00:00.000Z,1153,1860,1312.0,4624462,,4594203,2182.0
2022-08-22T00:00:00.000Z,1310,1194,1259.0,4625772,,4595397,2078.0
2022-08-23T00:00:00.000Z,1097,1566,1185.0,4626869,,4596963,1960.0
2022-08-24T00:00:00.000Z,1043,1288,1129.0,4627912,,4598251,1814.0
2022-08-25T00:00:00.000Z,887,1525,1087.0,4628799,,4599776,1747.0
2022-08-26T00:00:00.000Z,915,1463,1022.0,4629714,,4601239,1700.0
2022-08-27T00:00:00.000Z,517,1389,981.0,4630231,,4602628,1542.0
2022-08-28T00:00:00.000Z,992,1163,988.0,4631223,,4603791,1469.0
2022-08-29T00:00:00.000Z,1098,1413,965.0,4632321,,4605204,1369.0
2022-08-30T00:00:00.000Z,896,1988,935.0,4633217,,4607192,1401.0
2022-08-31T00:00:00.000Z,845,913,906.0,4634062,,4608105,1461.0
2022-09-01T00:00:00.000Z,889,956,878.0,4634951,,4609061,1407.0
2022-09-02T00:00:00.000Z,827,1404,878.0,4635778,,4610465,1326.0
2022-09-03T00:00:00.000Z,476,964,866.0,4636254,,4611429,1318.0
2022-09-04T00:00:00.000Z,853,1092,860.0,4637107,,4612521,1257.0
2022-09-05T00:00:00.000Z,1041,995,840.0,4638148,,4613516,1247.0
2022-09-06T00:00:00.000Z,928,1083,832.0,4639076,,4614599,1187.0
2022-09-07T00:00:00.000Z,911,935,837.0,4639987,,4615534,1058.0
2022-09-08T00:00:00.000Z,978,849,846.0,4640965,,4616383,1061.0
2022-09-09T00:00:00.000Z,823,1257,859.0,4641788,,4617640,1046.0
2022-09-10T00:00:00.000Z,560,916,858.0,4642348,,4618556,1025.0
2022-09-11T00:00:00.000Z,1088,948,870.0,4643436,,4619504,1018.0
2022-09-12T00:00:00.000Z,1386,931,904.0,4644822,,4620435,997.0
2022-09-13T00:00:00.000Z,1196,1083,953.0,4646018,,4621518,988.0
2022-09-14T00:00:00.000Z,1108,818,991.0,4647126,,4622336,988.0
2022-09-15T00:00:00.000Z,1138,969,1019.0,4648264,,4623305,971.0
2022-09-16T00:00:00.000Z,1077,1638,1042.0,4649341,,4624943,988.0
2022-09-17T00:00:00.000Z,643,1172,1079.0,4649984,,4626115,1043.0
2022-09-18T00:00:00.000Z,1349,1361,1090.0,4651333,,4627476,1079.0
2022-09-19T00:00:00.000Z,1332,1149,1128.0,4652665,,4628625,1138.0
2022-09-20T00:00:00.000Z,1182,1301,1120.0,4653847,,4629926,1170.0
2022-09-21T00:00:00.000Z,1196,887,1118.0,4655043,,4630813,1201.0
2022-09-22T00:00:00.000Z,949,940,1131.0,4655992,,4631753,1211.0
2022-09-23T00:00:00.000Z,1038,1628,1104.0,4657030,,4633381,1206.0
2022-09-24T00:00:00.000Z,538,1222,1098.0,4657568,,4634603,1205.0
2022-09-25T00:00:00.000Z,902,1256,1083.0,4658470,,4635859,1212.0
2022-09-26T00:00:00.000Z,446,980,1019.0,4658916,,4636839,1197.0
2022-09-27T00:00:00.000Z,597,902,893.0,4659513,,4637741,1173.0
2022-09-28T00:00:00.000Z,1194,965,809.0,4660707,,4638706,1116.0
2022-09-29T00:00:00.000Z,1497,540,809.0,4662204,,4639246,1127.0
2022-09-30T00:00:00.000Z,1043,1048,887.0,4663247,,4640294,1070.0
2022-10-01T00:00:00.000Z,436,517,888.0,4663683,,4640811,987.0
2022-10-02T00:00:00.000Z,947,688,873.0,4664630,,4641499,886.0
2022-10-03T00:00:00.000Z,1190,1469,880.0,4665820,,4642968,805.0
2022-10-04T00:00:00.000Z,583,1289,986.0,4666403,,4644257,875.0
2022-10-05T00:00:00.000Z,81,682,984.0,4666484,,4644939,930.0
2022-10-06T00:00:00.000Z,851,799,825.0,4667335,,4645738,890.0
2022-10-07T00:00:00.000Z,892,750,733.0,4668227,,4646488,927.0
2022-10-08T00:00:00.000Z,393,1238,711.0,4668620,,4647726,884.0
2022-10-09T00:00:00.000Z,664,335,705.0,4669284,,4648061,987.0
2022-10-10T00:00:00.000Z,298,273,664.0,4669582,,4648334,937.0
2022-10-11T00:00:00.000Z,794,1123,537.0,4670376,,4649457,766.0
2022-10-12T00:00:00.000Z,790,564,567.0,4671166,,4650021,742.0
2022-10-13T00:00:00.000Z,753,601,668.0,4671919,,4650622,726.0
2022-10-14T00:00:00.000Z,657,641,654.0,4672576,,4651263,697.0
2022-10-15T00:00:00.000Z,355,404,621.0,4672931,,4651667,682.0
2022-10-16T00:00:00.000Z,605,850,615.0,4673536,,4652517,563.0
2022-10-17T00:00:00.000Z,407,664,607.0,4673943,,4653181,636.0
2022-10-18T00:00:00.000Z,798,840,623.0,4674741,,4654021,692.0
2022-10-19T00:00:00.000Z,857,502,623.0,4675598,,4654523,652.0
2022-10-20T00:00:00.000Z,745,523,633.0,4676343,,4655046,643.0
2022-10-21T00:00:00.000Z,801,644,632.0,4677144,,4655690,632.0
2022-10-22T00:00:00.000Z,392,431,652.0,4677536,,4656121,632.0
2022-10-23T00:00:00.000Z,827,1126,657.0,4678363,,4657247,636.0
2022-10-24T00:00:00.000Z,966,790,689.0,4679329,,4658037,675.0
2022-10-25T00:00:00.000Z,828,827,769.0,4680157,,4658864,693.0
2022-10-26T00:00:00.000Z,828,480,773.0,4680985,,4659344,691.0
2022-10-27T00:00:00.000Z,888,607,769.0,4681873,,4659951,688.0
2022-10-28T00:00:00.000Z,669,783,790.0,4682542,,4660734,700.0
2022-10-29T00:00:00.000Z,512,1161,771.0,4683054,,4661895,720.0
2022-10-30T00:00:00.000Z,984,926,788.0,4684038,,4662821,824.0
2022-10-31T00:00:00.000Z,1291,789,810.0,4685329,,4663610,796.0
2022-11-01T00:00:00.000Z,521,860,857.0,4685850,,4664470,796.0
2022-11-02T00:00:00.000Z,996,533,813.0,4686846,,4665003,800.0
2022-11-03T00:00:00.000Z,989,522,837.0,4687835,,4665525,808.0
2022-11-04T00:00:00.000Z,885,1112,851.0,4688720,,4666637,796.0
2022-11-05T00:00:00.000Z,667,951,882.0,4689387,,4667588,843.0
2022-11-06T00:00:00.000Z,965,607,904.0,4690352,,4668195,813.0
2022-11-07T00:00:00.000Z,1308,1008,902.0,4691660,,4669203,767.0
2022-11-08T00:00:00.000Z,1154,830,904.0,4692814,,4670033,799.0
2022-11-09T00:00:00.000Z,1127,585,994.0,4693941,,4670618,794.0
2022-11-10T00:00:00.000Z,1055,749,1013.0,4694996,,4671367,802.0
2022-11-11T00:00:00.000Z,975,1340,1023.0,4695971,,4672707,834.0
2022-11-12T00:00:00.000Z,589,1007,1035.0,4696560,,4673714,867.0
2022-11-13T00:00:00.000Z,1279,1173,1024.0,4697839,,4674887,875.0
2022-11-14T00:00:00.000Z,1560,1146,1069.0,4699399,,4676033,956.0
2022-11-15T00:00:00.000Z,1473,935,1105.0,4700872,,4676968,975.0
2022-11-16T00:00:00.000Z,1226,763,1151.0,4702098,,4677731,990.0
2022-11-17T00:00:00.000Z,1389,716,1165.0,4703487,,4678447,1016.0
2022-11-18T00:00:00.000Z,1252,1553,1213.0,4704739,,4680000,1011.0
2022-11-19T00:00:00.000Z,646,1207,1252.0,4705385,,4681207,1041.0
2022-11-20T00:00:00.000Z,1519,1328,1260.0,4706904,,4682535,1070.0
2022-11-21T00:00:00.000Z,1795,1110,1295.0,4708699,,4683645,1092.0
2022-11-22T00:00:00.000Z,1685,1176,1328.0,4710384,,4684821,1087.0
2022-11-23T00:00:00.000Z,1483,902,1358.0,4711867,,4685723,1121.0
2022-11-24T00:00:00.000Z,1604,926,1395.0,4713471,,4686649,1141.0
2022-11-25T00:00:00.000Z,1369,1683,1426.0,4714840,,4688332,1171.0
2022-11-26T00:00:00.000Z,773,1409,1443.0,4715613,,4689741,1190.0
2022-11-27T00:00:00.000Z,1660,1460,1461.0,4717273,,4691201,1219.0
2022-11-28T00:00:00.000Z,2043,1631,1481.0,4719316,,4692832,1238.0
2022-11-29T00:00:00.000Z,1848,1519,1516.0,4721164,,4694351,1312.0
2022-11-30T00:00:00.000Z,1657,940,1540.0,4722821,,4695291,1361.0
2022-12-01T00:00:00.000Z,1775,992,1564.0,4724596,,4696283,1366.0
2022-12-02T00:00:00.000Z,1453,1987,1589.0,4726049,,4698270,1376.0
2022-12-03T00:00:00.000Z,795,1469,1601.0,4726844,,4699739,1419.0
2022-12-04T00:00:00.000Z,1709,1652,1604.0,4728553,,4701391,1428.0
2022-12-05T00:00:00.000Z,2011,1550,1611.0,4730564,,4702941,1455.0
2022-12-06T00:00:00.000Z,1630,1562,1606.0,4732194,,4704503,1444.0
2022-12-07T00:00:00.000Z,1721,1101,1575.0,4733915,,4705604,1450.0
2022-12-08T00:00:00.000Z,1634,988,1584.0,4735549,,4706592,1473.0
2022-12-09T00:00:00.000Z,1402,2147,1564.0,4736951,,4708739,1472.0
2022-12-10T00:00:00.000Z,861,1731,1557.0,4737812,,4710470,1495.0
2022-12-11T00:00:00.000Z,1554,1517,1566.0,4739366,,4711987,1533.0
2022-12-12T00:00:00.000Z,1925,1470,1544.0,4741291,,4713457,1513.0
2022-12-13T00:00:00.000Z,1744,1525,1532.0,4743035,,4714982,1502.0
2022-12-14T00:00:00.000Z,1480,1154,1548.0,4744515,,4716136,1497.0
2022-12-15T00:00:00.000Z,1517,997,1514.0,4746032,,4717133,1504.0
2022-12-16T00:00:00.000Z,1361,1533,1497.0,4747393,,4718666,1505.0
2022-12-17T00:00:00.000Z,740,1594,1491.0,4748133,,4720260,1418.0
2022-12-18T00:00:00.000Z,1399,1817,1474.0,4749532,,4722077,1398.0
2022-12-19T00:00:00.000Z,1665,1368,1452.0,4751197,,4723445,1441.0
2022-12-20T00:00:00.000Z,1360,1431,1415.0,4752557,,4724876,1426.0
2022-12-21T00:00:00.000Z,1309,1020,1360.0,4753866,,4725896,1413.0
2022-12-22T00:00:00.000Z,1231,812,1335.0,4755097,,4726708,1394.0
2022-12-23T00:00:00.000Z,1011,1761,1295.0,4756108,,4728469,1367.0
2022-12-24T00:00:00.000Z,606,1348,1245.0,4756714,,4729817,1400.0
2022-12-25T00:00:00.000Z,1207,1047,1225.0,4757921,,4730864,1365.0
2022-12-26T00:00:00.000Z,1448,1256,1198.0,4759369,,4732120,1255.0
2022-12-27T00:00:00.000Z,1257,1265,1167.0,4760626,,4733385,1239.0
2022-12-28T00:00:00.000Z,1114,989,1152.0,4761740,,4734374,1215.0
2022-12-29T00:00:00.000Z,1072,776,1124.0,4762812,,4735150,1211.0
2022-12-30T00:00:00.000Z,792,1588,1102.0,4763604,,4736738,1206.0
2022-12-31T00:00:00.000Z,484,1262,1070.0,4764088,,4738000,1181.0
2023-01-01T00:00:00.000Z,1029,1178,1053.0,4765117,,4739178,1169.0
2023-01-02T00:00:00.000Z,1220,1104,1028.0,4766337,,4740282,1187.0
2023-01-03T00:00:00.000Z,1070,1260,995.0,4767407,,4741542,1166.0
2023-01-04T00:00:00.000Z,1019,836,968.0,4768426,,4742378,1165.0
2023-01-05T00:00:00.000Z,941,839,955.0,4769367,,4743217,1143.0
2023-01-06T00:00:00.000Z,847,1353,936.0,4770214,,4744570,1152.0
2023-01-07T00:00:00.000Z,513,1124,944.0,4770727,,4745694,1118.0
2023-01-08T00:00:00.000Z,991,1100,948.0,4771718,,4746794,1099.0
2023-01-09T00:00:00.000Z,1005,1230,943.0,4772723,,4748024,1088.0
2023-01-10T00:00:00.000Z,901,1322,912.0,4773624,,4749346,1106.0
2023-01-11T00:00:00.000Z,841,803,888.0,4774465,,4750149,1114.0
2023-01-12T00:00:00.000Z,749,863,862.0,4775214,,4751012,1110.0
2023-01-13T00:00:00.000Z,537,1331,835.0,4775751,,4752343,1113.0
2023-01-14T00:00:00.000Z,305,802,791.0,4776056,,4753145,1110.0
2023-01-15T00:00:00.000Z,862,1118,761.0,4776918,,4754263,1064.0
2023-01-16T00:00:00.000Z,823,850,742.0,4777741,,4755113,1067.0
2023-01-17T00:00:00.000Z,784,890,716.0,4778525,,4756003,1012.0
2023-01-18T00:00:00.000Z,692,602,700.0,4779217,,4756605,951.0
2023-01-19T00:00:00.000Z,641,632,678.0,4779858,,4757237,922.0
2023-01-20T00:00:00.000Z,501,1008,663.0,4780359,,4758245,889.0
2023-01-21T00:00:00.000Z,273,764,658.0,4780632,,4759009,843.0
2023-01-22T00:00:00.000Z,740,837,653.0,4781372,,4759846,837.0
2023-01-23T00:00:00.000Z,825,692,636.0,4782197,,4760538,797.0
2023-01-24T00:00:00.000Z,714,769,636.0,4782911,,4761307,775.0
2023-01-25T00:00:00.000Z,578,538,626.0,4783489,,4761845,757.0
2023-01-26T00:00:00.000Z,643,478,610.0,4784132,,4762323,748.0
2023-01-27T00:00:00.000Z,432,954,610.0,4784564,,4763277,726.0
2023-01-28T00:00:00.000Z,237,691,600.0,4784801,,4763968,718.0
2023-01-29T00:00:00.000Z,608,720,595.0,4785409,,4764688,708.0
2023-01-30T00:00:00.000Z,722,609,576.0,4786131,,4765297,691.0
2023-01-31T00:00:00.000Z,580,700,562.0,4786711,,4765997,679.0
2023-02-01T00:00:00.000Z,493,476,542.0,4787204,,4766473,670.0
2023-02-02T00:00:00.000Z,507,417,530.0,4787711,,4766890,661.0
2023-02-03T00:00:00.000Z,344,808,511.0,4788055,,4767698,652.0
2023-02-04T00:00:00.000Z,188,643,498.0,4788243,,4768341,631.0
2023-02-05T00:00:00.000Z,477,531,491.0,4788720,,4768872,624.0
2023-02-06T00:00:00.000Z,614,473,473.0,4789334,,4769345,597.0
2023-02-07T00:00:00.000Z,491,586,457.0,4789825,,4769931,578.0
2023-02-08T00:00:00.000Z,392,373,444.0,4790217,,4770304,562.0
2023-02-09T00:00:00.000Z,418,406,430.0,4790635,,4770710,547.0
2023-02-10T00:00:00.000Z,310,678,417.0,4790945,,4771388,545.0
2023-02-11T00:00:00.000Z,176,512,412.0,4791121,,4771900,527.0
2023-02-12T00:00:00.000Z,469,481,411.0,4791590,,4772381,508.0
2023-02-13T00:00:00.000Z,577,404,410.0,4792167,,4772785,501.0
2023-02-14T00:00:00.000Z,507,439,404.0,4792674,,4773224,491.0
2023-02-15T00:00:00.000Z,430,293,407.0,4793104,,4773517,470.0
2023-02-16T00:00:00.000Z,537,301,412.0,4793641,,4773818,459.0
2023-02-17T00:00:00.000Z,335,609,429.0,4793976,,4774427,444.0
2023-02-18T00:00:00.000Z,242,483,433.0,4794218,,4774910,434.0
2023-02-19T00:00:00.000Z,493,426,442.0,4794711,,4775336,430.0
2023-02-20T00:00:00.000Z,692,466,445.0,4795403,,4775802,422.0
2023-02-21T00:00:00.000Z,565,490,462.0,4795968,,4776292,431.0
2023-02-22T00:00:00.000Z,553,329,470.0,4796521,,4776621,438.0
2023-02-23T00:00:00.000Z,563,355,488.0,4797084,,4776976,443.0
2023-02-24T00:00:00.000Z,445,593,491.0,4797529,,4777569,451.0
2023-02-25T00:00:00.000Z,241,552,507.0,4797770,,4778121,448.0
2023-02-26T00:00:00.000Z,635,506,507.0,4798405,,4778627,458.0
2023-02-27T00:00:00.000Z,626,502,527.0,4799031,,4779129,470.0
2023-02-28T00:00:00.000Z,673,525,518.0,4799704,,4779654,475.0
2023-03-01T00:00:00.000Z,533,402,533.0,4800237,,4780056,480.0
2023-03-02T00:00:00.000Z,542,406,530.0,4800779,,4780462,490.0
2023-03-03T00:00:00.000Z,417,677,527.0,4801196,,4781139,498.0
2023-03-04T00:00:00.000Z,232,543,523.0,4801428,,4781682,510.0
2023-03-05T00:00:00.000Z,470,428,522.0,4801898,,4782110,508.0
2023-03-06T00:00:00.000Z,622,529,499.0,4802520,,4782639,497.0
2023-03-07T00:00:00.000Z,516,474,498.0,4803036,,4783113,501.0
2023-03-08T00:00:00.000Z,537,385,476.0,4803573,,4783498,494.0
2023-03-09T00:00:00.000Z,680,291,476.0,4804253,,4783789,491.0
2023-03-10T00:00:00.000Z,366,547,496.0,4804619,,4784336,475.0
2023-03-11T00:00:00.000Z,271,492,489.0,4804890,,4784828,456.0
2023-03-12T00:00:00.000Z,605,442,494.0,4805495,,4785270,449.0
2023-03-13T00:00:00.000Z,605,509,513.0,4806100,,4785779,451.0
2023-03-14T00:00:00.000Z,664,622,511.0,4806764,,4786401,448.0
2023-03-15T00:00:00.000Z,648,392,532.0,4807412,,4786793,469.0
2023-03-16T00:00:00.000Z,592,401,548.0,4808004,,4787194,470.0
2023-03-17T00:00:00.000Z,436,643,535.0,4808440,,4787837,486.0
2023-03-18T00:00:00.000Z,288,608,545.0,4808728,,4788445,500.0
2023-03-19T00:00:00.000Z,463,581,548.0,4809191,,4789026,516.0
2023-03-20T00:00:00.000Z,545,460,528.0,4809736,,4789486,536.0
2023-03-21T00:00:00.000Z,563,567,519.0,4810299,,4790053,529.0
2023-03-22T00:00:00.000Z,475,397,505.0,4810774,,4790450,521.0
2023-03-23T00:00:00.000Z,508,335,480.0,4811282,,4790785,522.0
2023-03-24T00:00:00.000Z,381,653,468.0,4811663,,4791438,513.0
2023-03-25T00:00:00.000Z,257,472,460.0,4811920,,4791910,514.0
2023-03-26T00:00:00.000Z,481,426,456.0,4812401,,4792336,495.0
2023-03-27T00:00:00.000Z,483,451,458.0,4812884,,4792787,472.0
2023-03-28T00:00:00.000Z,398,536,449.0,4813282,,4793323,471.0
2023-03-29T00:00:00.000Z,437,380,426.0,4813719,,4793703,467.0
2023-03-30T00:00:00.000Z,373,320,420.0,4814092,,4794023,464.0
2023-03-31T00:00:00.000Z,410,573,401.0,4814502,,4794596,462.0
2023-04-01T00:00:00.000Z,209,429,405.0,4814711,,4795025,451.0
2023-04-02T00:00:00.000Z,304,451,398.0,4815015,,4795476,445.0
2023-04-03T00:00:00.000Z,376,394,373.0,4815391,,4795870,448.0
2023-04-04T00:00:00.000Z,407,435,358.0,4815798,,4796305,440.0
2023-04-05T00:00:00.000Z,280,323,359.0,4816078,,4796628,426.0
2023-04-06T00:00:00.000Z,178,245,337.0,4816256,,4796873,417.0
2023-04-07T00:00:00.000Z,239,453,309.0,4816495,,4797326,407.0
2023-04-08T00:00:00.000Z,185,348,284.0,4816680,,4797674,390.0
2023-04-09T00:00:00.000Z,303,300,281.0,4816983,,4797974,378.0
2023-04-10T00:00:00.000Z,334,248,281.0,4817317,,4798222,356.0
2023-04-11T00:00:00.000Z,270,335,275.0,4817587,,4798557,336.0
2023-04-12T00:00:00.000Z,127,309,255.0,4817714,,4798866,321.0
2023-04-13T00:00:00.000Z,300,279,233.0,4818014,,4799145,319.0
2023-04-14T00:00:00.000Z,287,487,251.0,4818301,,4799632,324.0
2023-04-15T00:00:00.000Z,231,310,258.0,4818532,,4799942,329.0
2023-04-16T00:00:00.000Z,330,294,264.0,4818862,,4800236,324.0
2023-04-17T00:00:00.000Z,407,298,268.0,4819269,,4800534,323.0
2023-04-18T00:00:00.000Z,368,308,278.0,4819637,,4800842,330.0
2023-04-19T00:00:00.000Z,250,368,292.0,4819887,,4801210,326.0
2023-04-20T00:00:00.000Z,276,333,310.0,4820163,,4801543,334.0
2023-04-21T00:00:00.000Z,211,472,307.0,4820374,,4802015,342.0
2023-04-22T00:00:00.000Z,114,283,296.0,4820488,,4802298,340.0
2023-04-23T00:00:00.000Z,240,270,279.0,4820728,,4802568,336.0
2023-04-24T00:00:00.000Z,223,301,266.0,4820951,,4802869,333.0
2023-04-25T00:00:00.000Z,215,356,240.0,4821166,,4803225,333.0
2023-04-26T00:00:00.000Z,108,220,218.0,4821274,,4803445,340.0
2023-04-27T00:00:00.000Z,195,218,198.0,4821469,,4803663,319.0
2023-04-28T00:00:00.000Z,213,344,186.0,4821682,,4804007,302.0
2023-04-29T00:00:00.000Z,140,221,186.0,4821822,,4804228,284.0
2023-04-30T00:00:00.000Z,260,170,190.0,4822082,,4804398,275.0
2023-05-01T00:00:00.000Z,284,239,193.0,4822366,,4804637,261.0
2023-05-02T00:00:00.000Z,257,321,202.0,4822623,,4804958,252.0
2023-05-03T00:00:00.000Z,199,226,208.0,4822822,,4805184,247.0
2023-05-04T00:00:00.000Z,227,164,221.0,4823049,,4805348,248.0
2023-05-05T00:00:00.000Z,178,345,225.0,4823227,,4805693,240.0
2023-05-06T00:00:00.000Z,135,217,220.0,4823362,,4805910,240.0
2023-05-07T00:00:00.000Z,208,239,220.0,4823570,,4806149,240.0
2023-05-08T00:00:00.000Z,214,214,212.0,4823784,,4806363,250.0
2023-05-09T00:00:00.000Z,178,243,202.0,4823962,,4806606,246.0
2023-05-10T00:00:00.000Z,156,154,191.0,4824118,,4806760,235.0
2023-05-11T00:00:00.000Z,148,143,185.0,4824266,,4806903,225.0
2023-05-12T00:00:00.000Z,168,253,173.0,4824434,,4807156,222.0
2023-05-13T00:00:00.000Z,97,203,172.0,4824531,,4807359,209.0
2023-05-14T00:00:00.000Z,169,163,167.0,4824700,,4807522,207.0
2023-05-15T00:00:00.000Z,174,219,161.0,4824874,,4807741,196.0
2023-05-16T00:00:00.000Z,129,1815,155.0,4825003,,4809556,196.0
2023-05-17T00:00:00.000Z,97,119,148.0,4825100,,4809675,421.0
2023-05-18T00:00:00.000Z,114,95,140.0,4825214,,4809770,416.0
2023-05-19T00:00:00.000Z,90,186,135.0,4825304,,4809956,409.0
2023-05-20T00:00:00.000Z,77,188,124.0,4825381,,4810144,400.0
2023-05-21T00:00:00.000Z,111,132,121.0,4825492,,4810276,397.0
2023-05-22T00:00:00.000Z,122,94,113.0,4825614,,4810370,393.0
2023-05-23T00:00:00.000Z,123,91,105.0,4825737,,4810461,375.0
2023-05-24T00:00:00.000Z,116,104,104.0,4825853,,4810565,129.0
2023-05-25T00:00:00.000Z,89,76,107.0,4825942,,4810641,127.0
2023-05-26T00:00:00.000Z,56,112,104.0,4825998,,4810753,124.0
2023-05-27T00:00:00.000Z,71,117,99.0,4826069,,4810870,113.0
2023-05-28T00:00:00.000Z,118,129,98.0,4826187,,4810999,103.0
2023-05-29T00:00:00.000Z,129,117,99.0,4826316,,4811116,103.0
2023-05-30T00:00:00.000Z,110,83,100.0,4826426,,4811199,106.0
2023-05-31T00:00:00.000Z,116,65,98.0,4826542,,4811264,105.0
2023-06-01T00:00:00.000Z,124,68,98.0,4826666,,4811332,99.0
2023-06-02T00:00:00.000Z,81,104,103.0,4826747,,4811436,98.0
2023-06-03T00:00:00.000Z,67,121,107.0,4826814,,4811557,97.0
2023-06-04T00:00:00.000Z,105,119,106.0,4826919,,4811676,98.0
2023-06-05T00:00:00.000Z,133,107,104.0,4827052,,4811783,96.0
2023-06-06T00:00:00.000Z,135,112,105.0,4827187,,4811895,95.0
2023-06-07T00:00:00.000Z,107,101,108.0,4827294,,4811996,99.0
2023-06-08T00:00:00.000Z,117,69,107.0,4827411,,4812065,104.0
2023-06-09T00:00:00.000Z,70,104,106.0,4827481,,4812169,104.0
2023-06-10T00:00:00.000Z,68,129,104.0,4827549,,4812298,104.0
2023-06-11T00:00:00.000Z,79,125,105.0,4827628,,4812423,105.0
2023-06-12T00:00:00.000Z,109,122,101.0,4827737,,4812545,106.0
2023-06-13T00:00:00.000Z,86,95,97.0,4827823,,4812640,108.0
2023-06-14T00:00:00.000Z,87,90,90.0,4827910,,4812730,106.0
2023-06-15T00:00:00.000Z,91,45,88.0,4828001,,4812775,104.0
2023-06-16T00:00:00.000Z,68,90,84.0,4828069,,4812865,101.0
2023-06-17T00:00:00.000Z,81,97,84.0,4828150,,4812962,99.0
2023-06-18T00:00:00.000Z,99,116,85.0,4828249,,4813078,94.0
2023-06-19T00:00:00.000Z,105,82,88.0,4828354,,4813160,93.0
2023-06-20T00:00:00.000Z,90,79,88.0,4828444,,4813239,87.0
2023-06-21T00:00:00.000Z,80,74,88.0,4828524,,4813313,85.0
2023-06-22T00:00:00.000Z,85,52,87.0,4828609,,4813365,83.0
2023-06-23T00:00:00.000Z,76,112,86.0,4828685,,4813477,84.0
2023-06-24T00:00:00.000Z,62,122,88.0,4828747,,4813599,87.0
2023-06-25T00:00:00.000Z,73,87,85.0,4828820,,4813686,91.0
2023-06-26T00:00:00.000Z,91,93,81.0,4828911,,4813779,86.0
2023-06-27T00:00:00.000Z,78,80,79.0,4828989,,4813859,88.0
2023-06-28T00:00:00.000Z,51,64,77.0,4829040,,4813923,88.0
2023-06-29T00:00:00.000Z,122,53,73.0,4829162,,4813976,87.0
2023-06-30T00:00:00.000Z,67,83,79.0,4829229,,4814059,87.0
2023-07-01T00:00:00.000Z,32,92,77.0,4829261,,4814151,83.0
2023-07-02T00:00:00.000Z,79,82,73.0,4829340,,4814233,78.0
2023-07-03T00:00:00.000Z,81,64,74.0,4829421,,4814297,78.0
2023-07-04T00:00:00.000Z,64,79,72.0,4829485,,4814376,74.0
2023-07-05T00:00:00.000Z,80,85,70.0,4829565,,4814461,73.0
2023-07-06T00:00:00.000Z,98,42,75.0,4829663,,4814503,76.0
2023-07-07T00:00:00.000Z,51,67,71.0,4829714,,4814570,75.0
2023-07-08T00:00:00.000Z,44,65,69.0,4829758,,4814635,73.0
2023-07-09T00:00:00.000Z,73,62,71.0,4829831,,4814697,69.0
2023-07-10T00:00:00.000Z,97,84,70.0,4829928,,4814781,66.0
2023-07-11T00:00:00.000Z,88,80,72.0,4830016,,4814861,69.0
2023-07-12T00:00:00.000Z,86,69,75.0,4830102,,4814930,69.0
2023-07-13T00:00:00.000Z,114,40,76.0,4830216,,4814970,67.0
2023-07-14T00:00:00.000Z,49,58,79.0,4830265,,4815028,66.0
2023-07-15T00:00:00.000Z,32,105,78.0,4830297,,4815133,65.0
2023-07-16T00:00:00.000Z,89,91,77.0,4830386,,4815224,71.0
2023-07-17T00:00:00.000Z,66,75,79.0,4830452,,4815299,75.0
2023-07-18T00:00:00.000Z,79,94,74.0,4830531,,4815393,74.0
2023-07-19T00:00:00.000Z,74,68,73.0,4830605,,4815461,76.0
2023-07-20T00:00:00.000Z,93,33,71.0,4830698,,4815494,75.0
2023-07-21T00:00:00.000Z,94,69,68.0,4830792,,4815563,74.0
2023-07-22T00:00:00.000Z,40,74,75.0,4830832,,4815637,76.0
2023-07-23T00:00:00.000Z,104,79,76.0,4830936,,4815716,72.0
2023-07-24T00:00:00.000Z,109,80,78.0,4831045,,4815796,70.0
2023-07-25T00:00:00.000Z,58,59,84.0,4831103,,4815855,71.0
2023-07-26T00:00:00.000Z,106,90,81.0,4831209,,4815945,66.0
2023-07-27T00:00:00.000Z,86,67,86.0,4831295,,4816012,69.0
2023-07-28T00:00:00.000Z,63,75,85.0,4831358,,4816087,74.0
2023-07-29T00:00:00.000Z,38,128,80.0,4831396,,4816215,74.0
2023-07-30T00:00:00.000Z,87,62,80.0,4831483,,4816277,82.0
2023-07-31T00:00:00.000Z,90,97,78.0,4831573,,4816374,80.0
2023-08-01T00:00:00.000Z,97,84,75.0,4831670,,4816458,82.0
2023-08-02T00:00:00.000Z,68,65,81.0,4831738,,4816523,86.0
2023-08-03T00:00:00.000Z,101,44,75.0,4831839,,4816567,82.0
2023-08-04T00:00:00.000Z,55,66,77.0,4831894,,4816633,79.0
2023-08-05T00:00:00.000Z,43,93,76.0,4831937,,4816726,78.0
2023-08-06T00:00:00.000Z,93,89,77.0,4832030,,4816815,73.0
2023-08-07T00:00:00.000Z,82,74,78.0,4832112,,4816889,76.0
2023-08-08T00:00:00.000Z,123,74,77.0,4832235,,4816963,73.0
2023-08-09T00:00:00.000Z,70,68,80.0,4832305,,4817031,72.0
2023-08-10T00:00:00.000Z,112,41,81.0,4832417,,4817072,72.0
2023-08-11T00:00:00.000Z,73,75,82.0,4832490,,4817147,72.0
2023-08-12T00:00:00.000Z,48,106,85.0,4832538,,4817253,73.0
2023-08-13T00:00:00.000Z,135,85,85.0,4832673,,4817338,75.0
2023-08-14T00:00:00.000Z,106,90,91.0,4832779,,4817428,74.0
2023-08-15T00:00:00.000Z,110,84,95.0,4832889,,4817512,77.0
2023-08-16T00:00:00.000Z,102,63,93.0,4832991,,4817575,78.0
2023-08-17T00:00:00.000Z,112,67,98.0,4833103,,4817642,77.0
2023-08-18T00:00:00.000Z,95,85,98.0,4833198,,4817727,81.0
2023-08-19T00:00:00.000Z,88,141,101.0,4833286,,4817868,82.0
2023-08-20T00:00:00.000Z,113,103,106.0,4833399,,4817971,87.0
2023-08-21T00:00:00.000Z,127,88,103.0,4833526,,4818059,90.0
2023-08-22T00:00:00.000Z,128,118,106.0,4833654,,4818177,90.0
2023-08-23T00:00:00.000Z,148,87,109.0,4833802,,4818264,95.0
2023-08-24T00:00:00.000Z,176,68,115.0,4833978,,4818332,98.0
2023-08-25T00:00:00.000Z,104,111,125.0,4834082,,4818443,98.0
2023-08-26T00:00:00.000Z,70,138,126.0,4834152,,4818581,102.0
2023-08-27T00:00:00.000Z,153,131,123.0,4834305,,4818712,101.0
2023-08-28T00:00:00.000Z,139,142,129.0,4834444,,4818854,105.0
2023-08-29T00:00:00.000Z,161,135,131.0,4834605,,4818989,113.0
2023-08-30T00:00:00.000Z,181,128,135.0,4834786,,4819117,116.0
2023-08-31T00:00:00.000Z,172,67,140.0,4834958,,4819184,121.0
2023-09-01T00:00:00.000Z,112,138,140.0,4835070,,4819322,121.0
2023-09-02T00:00:00.000Z,66,130,141.0,4835136,,4819452,125.0
2023-09-03T00:00:00.000Z,130,164,140.0,4835266,,4819616,124.0
2023-09-04T00:00:00.000Z,170,166,137.0,4835436,,4819782,129.0
2023-09-05T00:00:00.000Z,194,159,141.0,4835630,,4819941,132.0
2023-09-06T00:00:00.000Z,158,130,146.0,4835788,,4820071,136.0
2023-09-07T00:00:00.000Z,173,71,143.0,4835961,,4820142,136.0
2023-09-08T00:00:00.000Z,140,119,143.0,4836101,,4820261,136.0
2023-09-09T00:00:00.000Z,85,166,147.0,4836186,,4820427,134.0
2023-09-10T00:00:00.000Z,206,169,150.0,4836392,,4820596,139.0
2023-09-11T00:00:00.000Z,212,345,160.0,4836604,,4820941,140.0
2023-09-12T00:00:00.000Z,200,144,166.0,4836804,,4821085,165.0
2023-09-13T00:00:00.000Z,220,144,167.0,4837024,,4821229,163.0
2023-09-14T00:00:00.000Z,206,91,176.0,4837230,,4821320,165.0
2023-09-15T00:00:00.000Z,139,175,181.0,4837369,,4821495,168.0
2023-09-16T00:00:00.000Z,86,237,181.0,4837455,,4821732,176.0
2023-09-17T00:00:00.000Z,142,186,181.0,4837597,,4821918,186.0
2023-09-18T00:00:00.000Z,207,228,172.0,4837804,,4822146,188.0
2023-09-19T00:00:00.000Z,272,204,171.0,4838076,,4822350,172.0
2023-09-20T00:00:00.000Z,281,149,181.0,4838357,,4822499,180.0
2023-09-21T00:00:00.000Z,291,77,190.0,4838648,,4822576,181.0
2023-09-22T00:00:00.000Z,163,107,202.0,4838811,,4822683,179.0
2023-09-23T00:00:00.000Z,108,221,206.0,4838919,,4822904,169.0
2023-09-24T00:00:00.000Z,148,283,209.0,4839067,,4823187,167.0
2023-09-25T00:00:00.000Z,71,247,210.0,4839138,,4823434,181.0
2023-09-26T00:00:00.000Z,181,282,190.0,4839319,,4823716,184.0
2023-09-27T00:00:00.000Z,203,184,177.0,4839522,,4823900,195.0
2023-09-28T00:00:00.000Z,252,112,166.0,4839774,,4824012,200.0
2023-09-29T00:00:00.000Z,109,134,160.0,4839883,,4824146,205.0
2023-09-30T00:00:00.000Z,74,72,153.0,4839957,,4824218,209.0
2023-10-01T00:00:00.000Z,158,178,148.0,4840115,,4824396,187.0
2023-10-02T00:00:00.000Z,142,212,149.0,4840257,,4824608,172.0
2023-10-03T00:00:00.000Z,149,225,159.0,4840406,,4824833,167.0
2023-10-04T00:00:00.000Z,112,138,155.0,4840518,,4824971,159.0
2023-10-05T00:00:00.000Z,116,77,142.0,4840634,,4825048,153.0
2023-10-06T00:00:00.000Z,74,124,122.0,4840708,,4825172,148.0
2023-10-07T00:00:00.000Z,33,180,117.0,4840741,,4825352,146.0
2023-10-08T00:00:00.000Z,78,120,112.0,4840819,,4825472,162.0
2023-10-09T00:00:00.000Z,80,138,100.0,4840899,,4825610,153.0
2023-10-10T00:00:00.000Z,54,94,91.0,4840953,,4825704,143.0
2023-10-11T00:00:00.000Z,62,89,78.0,4841015,,4825793,124.0
2023-10-12T00:00:00.000Z,61,48,71.0,4841076,,4825841,117.0
2023-10-13T00:00:00.000Z,41,61,63.0,4841117,,4825902,113.0
2023-10-14T00:00:00.000Z,13,71,58.0,4841130,,4825973,104.0
2023-10-15T00:00:00.000Z,42,79,55.0,4841172,,4826052,88.0
2023-10-16T00:00:00.000Z,55,53,50.0,4841227,,4826105,82.0
2023-10-17T00:00:00.000Z,40,55,46.0,4841267,,4826160,70.0
2023-10-18T00:00:00.000Z,36,33,44.0,4841303,,4826193,65.0
2023-10-19T00:00:00.000Z,50,37,41.0,4841353,,4826230,57.0
2023-10-20T00:00:00.000Z,28,34,39.0,4841381,,4826264,55.0
2023-10-21T00:00:00.000Z,13,45,37.0,4841394,,4826309,51.0
2023-10-22T00:00:00.000Z,40,49,37.0,4841434,,4826358,48.0
2023-10-23T00:00:00.000Z,31,42,37.0,4841465,,4826400,43.0
2023-10-24T00:00:00.000Z,29,35,34.0,4841494,,4826435,42.0
2023-10-25T00:00:00.000Z,18,19,32.0,4841512,,4826454,39.0
2023-10-26T00:00:00.000Z,36,26,29.0,4841548,,4826480,37.0
2023-10-27T00:00:00.000Z,14,35,27.0,4841562,,4826515,35.0
2023-10-28T00:00:00.000Z,12,32,25.0,4841574,,4826547,35.0
2023-10-29T00:00:00.000Z,37,23,25.0,4841611,,4826570,34.0
2023-10-30T00:00:00.000Z,32,29,25.0,4841643,,4826599,30.0
2023-10-31T00:00:00.000Z,36,23,25.0,4841679,,4826622,28.0
2023-11-01T00:00:00.000Z,23,21,26.0,4841702,,4826643,26.0
2023-11-02T00:00:00.000Z,40,22,27.0,4841742,,4826665,27.0
2023-11-03T00:00:00.000Z,13,26,27.0,4841755,,4826691,26.0
2023-11-04T00:00:00.000Z,17,21,27.0,4841772,,4826712,25.0
2023-11-05T00:00:00.000Z,20,37,28.0,4841792,,4826749,23.0
2023-11-06T00:00:00.000Z,20,35,25.0,4841812,,4826784,25.0
2023-11-07T00:00:00.000Z,33,24,24.0,4841845,,4826808,26.0
2023-11-08T00:00:00.000Z,21,17,23.0,4841866,,4826825,26.0
2023-11-09T00:00:00.000Z,27,18,23.0,4841893,,4826843,26.0
2023-11-10T00:00:00.000Z,17,19,21.0,4841910,,4826862,25.0
2023-11-11T00:00:00.000Z,11,19,22.0,4841921,,4826881,24.0
2023-11-12T00:00:00.000Z,32,26,21.0,4841953,,4826907,24.0
2023-11-13T00:00:00.000Z,17,31,23.0,4841970,,4826938,22.0
2023-11-14T00:00:00.000Z,30,18,22.0,4842000,,4826956,22.0
2023-11-15T00:00:00.000Z,25,14,22.0,4842025,,4826970,21.0
2023-11-16T00:00:00.000Z,23,19,22.0,4842048,,4826989,20.0
2023-11-17T00:00:00.000Z,22,27,22.0,4842070,,4827016,20.0
2023-11-18T00:00:00.000Z,7,24,22.0,4842077,,4827040,22.0
2023-11-19T00:00:00.000Z,27,14,22.0,4842104,,4827054,22.0
2023-11-20T00:00:00.000Z,29,28,21.0,4842133,,4827082,21.0
2023-11-21T00:00:00.000Z,22,24,23.0,4842155,,4827106,20.0
2023-11-22T00:00:00.000Z,34,19,22.0,4842189,,4827125,21.0
2023-11-23T00:00:00.000Z,23,18,23.0,4842212,,4827143,22.0
2023-11-24T00:00:00.000Z,24,23,23.0,4842236,,4827166,22.0
2023-11-25T00:00:00.000Z,9,30,23.0,4842245,,4827196,21.0
2023-11-26T00:00:00.000Z,51,25,24.0,4842296,,4827221,22.0
2023-11-27T00:00:00.000Z,48,33,27.0,4842344,,4827254,23.0
2023-11-28T00:00:00.000Z,42,23,30.0,4842386,,4827277,24.0
2023-11-29T00:00:00.000Z,57,10,33.0,4842443,,4827287,24.0
2023-11-30T00:00:00.000Z,58,31,36.0,4842501,,4827318,23.0
2023-12-01T00:00:00.000Z,46,45,41.0,4842547,,4827363,25.0
2023-12-02T00:00:00.000Z,36,44,44.0,4842583,,4827407,28.0
2023-12-03T00:00:00.000Z,54,48,48.0,4842637,,4827455,30.0
2023-12-04T00:00:00.000Z,44,57,48.0,4842681,,4827512,33.0
2023-12-05T00:00:00.000Z,55,39,48.0,4842736,,4827551,36.0
2023-12-06T00:00:00.000Z,71,38,50.0,4842807,,4827589,39.0
2023-12-07T00:00:00.000Z,56,38,52.0,4842863,,4827627,43.0
2023-12-08T00:00:00.000Z,62,52,51.0,4842925,,4827679,44.0
2023-12-09T00:00:00.000Z,23,58,54.0,4842948,,4827737,45.0
2023-12-10T00:00:00.000Z,66,48,52.0,4843014,,4827785,47.0
2023-12-11T00:00:00.000Z,54,57,53.0,4843068,,4827842,47.0
2023-12-12T00:00:00.000Z,58,69,55.0,4843126,,4827911,47.0
2023-12-13T00:00:00.000Z,95,42,55.0,4843221,,4827953,51.0
2023-12-14T00:00:00.000Z,70,39,59.0,4843291,,4827992,52.0
2023-12-15T00:00:00.000Z,69,50,61.0,4843360,,4828042,52.0
2023-12-16T00:00:00.000Z,52,72,62.0,4843412,,4828114,51.0
2023-12-17T00:00:00.000Z,63,48,66.0,4843475,,4828162,53.0
2023-12-18T00:00:00.000Z,103,62,65.0,4843578,,4828224,53.0
2023-12-19T00:00:00.000Z,113,78,72.0,4843691,,4828302,54.0
2023-12-20T00:00:00.000Z,85,61,80.0,4843776,,4828363,55.0
2023-12-21T00:00:00.000Z,81,50,79.0,4843857,,4828413,58.0
2023-12-22T00:00:00.000Z,84,87,80.0,4843941,,4828500,60.0
2023-12-23T00:00:00.000Z,54,94,83.0,4843995,,4828594,65.0
2023-12-24T00:00:00.000Z,139,84,83.0,4844134,,4828678,68.0
2023-12-25T00:00:00.000Z,130,100,94.0,4844264,,4828778,73.0
2023-12-26T00:00:00.000Z,116,75,98.0,4844380,,4828853,79.0
2023-12-27T00:00:00.000Z,137,69,98.0,4844517,,4828922,78.0
2023-12-28T00:00:00.000Z,120,95,105.0,4844637,,4829017,79.0
2023-12-29T00:00:00.000Z,77,85,111.0,4844714,,4829102,86.0
2023-12-30T00:00:00.000Z,59,164,110.0,4844773,,4829266,86.0
2023-12-31T00:00:00.000Z,133,134,111.0,4844906,,4829400,96.0
2024-01-01T00:00:00.000Z,129,110,110.0,4845035,,4829510,103.0
2024-01-02T00:00:00.000Z,151,127,110.0,4845186,,4829637,104.0
2024-01-03T00:00:00.000Z,157,90,115.0,4845343,,4829727,112.0
2024-01-04T00:00:00.000Z,163,67,118.0,4845506,,4829794,115.0
2024-01-05T00:00:00.000Z,105,124,124.0,4845611,,4829918,111.0
2024-01-06T00:00:00.000Z,90,139,128.0,4845701,,4830057,116.0
2024-01-07T00:00:00.000Z,166,136,132.0,4845867,,4830193,113.0
2024-01-08T00:00:00.000Z,191,158,137.0,4846058,,4830351,113.0
2024-01-09T00:00:00.000Z,158,139,146.0,4846216,,4830490,120.0
2024-01-10T00:00:00.000Z,220,113,147.0,4846436,,4830603,121.0
2024-01-11T00:00:00.000Z,181,108,156.0,4846617,,4830711,125.0
2024-01-12T00:00:00.000Z,98,134,158.0,4846715,,4830845,131.0
2024-01-13T00:00:00.000Z,65,207,157.0,4846780,,4831052,132.0
2024-01-14T00:00:00.000Z,187,167,154.0,4846967,,4831219,142.0
2024-01-15T00:00:00.000Z,162,171,157.0,4847129,,4831390,146.0
2024-01-16T00:00:00.000Z,157,180,153.0,4847286,,4831570,148.0
2024-01-17T00:00:00.000Z,155,145,152.0,4847441,,4831715,154.0
2024-01-18T00:00:00.000Z,149,85,143.0,4847590,,4831800,158.0
2024-01-19T00:00:00.000Z,103,126,139.0,4847693,,4831926,155.0
2024-01-20T00:00:00.000Z,61,180,139.0,4847754,,4832106,154.0
2024-01-21T00:00:00.000Z,166,145,139.0,4847920,,4832251,150.0
2024-01-22T00:00:00.000Z,166,166,136.0,4848086,,4832417,147.0
2024-01-23T00:00:00.000Z,155,127,136.0,4848241,,4832544,146.0
2024-01-24T00:00:00.000Z,128,115,136.0,4848369,,4832659,139.0
2024-01-25T00:00:00.000Z,142,90,132.0,4848511,,4832749,134.0
2024-01-26T00:00:00.000Z,99,115,131.0,4848610,,4832864,135.0
2024-01-27T00:00:00.000Z,38,196,131.0,4848648,,4833060,134.0
2024-01-28T00:00:00.000Z,113,143,127.0,4848761,,4833203,136.0
2024-01-29T00:00:00.000Z,126,123,120.0,4848887,,4833326,136.0
2024-01-30T00:00:00.000Z,115,109,114.0,4849002,,4833435,129.0
2024-01-31T00:00:00.000Z,105,121,108.0,4849107,,4833556,127.0
2024-02-01T00:00:00.000Z,85,67,105.0,4849192,,4833623,128.0
2024-02-02T00:00:00.000Z,65,90,97.0,4849257,,4833713,124.0
2024-02-03T00:00:00.000Z,43,119,92.0,4849300,,4833832,121.0
2024-02-04T00:00:00.000Z,105,114,93.0,4849405,,4833946,110.0
2024-02-05T00:00:00.000Z,92,94,92.0,4849497,,4834040,106.0
2024-02-06T00:00:00.000Z,91,88,87.0,4849588,,4834128,102.0
2024-02-07T00:00:00.000Z,100,65,83.0,4849688,,4834193,99.0
2024-02-08T00:00:00.000Z,78,50,83.0,4849766,,4834243,91.0
2024-02-09T00:00:00.000Z,47,90,82.0,4849813,,4834333,88.0
2024-02-10T00:00:00.000Z,34,88,79.0,4849847,,4834421,88.0
2024-02-11T00:00:00.000Z,97,85,78.0,4849944,,4834506,84.0
2024-02-12T00:00:00.000Z,66,86,77.0,4850010,,4834592,80.0
2024-02-13T00:00:00.000Z,77,84,73.0,4850087,,4834676,78.0
2024-02-14T00:00:00.000Z,54,63,71.0,4850141,,4834739,78.0
2024-02-15T00:00:00.000Z,58,37,64.0,4850199,,4834776,78.0
2024-02-16T00:00:00.000Z,53,72,61.0,4850252,,4834848,76.0
2024-02-17T00:00:00.000Z,35,77,62.0,4850287,,4834925,73.0
2024-02-18T00:00:00.000Z,59,61,62.0,4850346,,4834986,72.0
2024-02-19T00:00:00.000Z,58,69,57.0,4850404,,4835055,68.0
2024-02-20T00:00:00.000Z,56,48,56.0,4850460,,4835103,66.0
2024-02-21T00:00:00.000Z,39,54,53.0,4850499,,4835157,61.0
2024-02-22T00:00:00.000Z,36,43,51.0,4850535,,4835200,59.0
2024-02-23T00:00:00.000Z,31,67,48.0,4850566,,4835267,60.0
2024-02-24T00:00:00.000Z,25,48,44.0,4850591,,4835315,59.0
2024-02-25T00:00:00.000Z,34,38,43.0,4850625,,4835353,55.0
2024-02-26T00:00:00.000Z,42,49,39.0,4850667,,4835402,52.0
2024-02-27T00:00:00.000Z,17,33,37.0,4850684,,4835435,49.0
2024-02-28T00:00:00.000Z,38,26,32.0,4850722,,4835461,47.0
2024-02-29T00:00:00.000Z,30,23,31.0,4850752,,4835484,43.0
2024-03-01T00:00:00.000Z,22,28,31.0,4850774,,4835512,40.0
2024-03-02T00:00:00.000Z,17,52,29.0,4850791,,4835564,35.0
2024-03-03T00:00:00.000Z,29,22,28.0,4850820,,4835586,35.0
2024-03-04T00:00:00.000Z,25,21,27.0,4850845,,4835607,33.0
2024-03-05T00:00:00.000Z,21,34,25.0,4850866,,4835641,29.0
2024-03-06T00:00:00.000Z,28,20,26.0,4850894,,4835661,29.0
2024-03-07T00:00:00.000Z,22,20,24.0,4850916,,4835681,28.0
2024-03-08T00:00:00.000Z,22,25,23.0,4850938,,4835706,28.0
2024-03-09T00:00:00.000Z,18,23,23.0,4850956,,4835729,27.0
2024-03-10T00:00:00.000Z,22,25,23.0,4850978,,4835754,23.0
2024-03-11T00:00:00.000Z,18,21,22.0,4850996,,4835775,24.0
2024-03-12T00:00:00.000Z,18,21,21.0,4851014,,4835796,24.0
2024-03-13T00:00:00.000Z,27,20,21.0,4851041,,4835816,22.0
2024-03-14T00:00:00.000Z,15,13,21.0,4851056,,4835829,22.0
2024-03-15T00:00:00.000Z,19,22,20.0,4851075,,4835851,21.0
2024-03-16T00:00:00.000Z,10,25,19.0,4851085,,4835876,20.0
2024-03-17T00:00:00.000Z,25,13,18.0,4851110,,4835889,21.0
2024-03-18T00:00:00.000Z,21,24,18.0,4851131,,4835913,19.0
2024-03-19T00:00:00.000Z,17,27,19.0,4851148,,4835940,19.0
2024-03-20T00:00:00.000Z,19,11,19.0,4851167,,4835951,20.0
2024-03-21T00:00:00.000Z,19,14,18.0,4851186,,4835965,19.0
2024-03-22T00:00:00.000Z,17,23,18.0,4851203,,4835988,19.0
2024-03-23T00:00:00.000Z,9,21,18.0,4851212,,4836009,19.0
2024-03-24T00:00:00.000Z,17,20,18.0,4851229,,4836029,19.0
2024-03-25T00:00:00.000Z,16,13,17.0,4851245,,4836042,20.0
2024-03-26T00:00:00.000Z,34,17,16.0,4851279,,4836059,18.0
2024-03-27T00:00:00.000Z,20,15,18.0,4851299,,4836074,17.0
2024-03-28T00:00:00.000Z,19,15,18.0,4851318,,4836089,17.0
2024-03-29T00:00:00.000Z,4,13,18.0,4851322,,4836102,17.0
2024-03-30T00:00:00.000Z,10,18,17.0,4851332,,4836120,16.0
2024-03-31T00:00:00.000Z,16,17,17.0,4851348,,4836137,15.0
2024-04-01T00:00:00.000Z,8,33,17.0,4851356,,4836170,15.0
2024-04-02T00:00:00.000Z,14,14,15.0,4851370,,4836184,18.0
2024-04-03T00:00:00.000Z,12,10,13.0,4851382,,4836194,17.0
2024-04-04T00:00:00.000Z,18,3,11.0,4851400,,4836197,17.0
2024-04-05T00:00:00.000Z,4,19,11.0,4851404,,4836216,15.0
2024-04-06T00:00:00.000Z,6,9,11.0,4851410,,4836225,16.0
2024-04-07T00:00:00.000Z,16,10,11.0,4851426,,4836235,15.0
2024-04-08T00:00:00.000Z,15,13,11.0,4851441,,4836248,14.0
2024-04-09T00:00:00.000Z,16,9,12.0,4851457,,4836257,11.0
2024-04-10T00:00:00.000Z,7,8,12.0,4851464,,4836265,10.0
2024-04-11T00:00:00.000Z,23,5,11.0,4851487,,4836270,10.0
2024-04-12T00:00:00.000Z,7,16,12.0,4851494,,4836286,10.0
2024-04-13T00:00:00.000Z,4,10,12.0,4851498,,4836296,10.0
2024-04-14T00:00:00.000Z,16,21,12.0,4851514,,4836317,10.0
2024-04-15T00:00:00.000Z,20,17,12.0,4851534,,4836334,11.0
2024-04-16T00:00:00.000Z,9,12,13.0,4851543,,4836346,12.0
2024-04-17T00:00:00.000Z,7,10,12.0,4851550,,4836356,12.0
2024-04-18T00:00:00.000Z,19,10,12.0,4851569,,4836366,13.0
2024-04-19T00:00:00.000Z,7,17,11.0,4851576,,4836383,13.0
2024-04-20T00:00:00.000Z,8,8,11.0,4851584,,4836391,13.0
2024-04-21T00:00:00.000Z,8,14,12.0,4851592,,4836405,13.0
2024-04-22T00:00:00.000Z,15,7,11.0,4851607,,4836412,12.0
2024-04-23T00:00:00.000Z,8,11,10.0,4851615,,4836423,11.0
2024-04-24T00:00:00.000Z,13,12,10.0,4851628,,4836435,11.0
2024-04-25T00:00:00.000Z,10,9,11.0,4851638,,4836444,11.0
2024-04-26T00:00:00.000Z,12,8,9.0,4851650,,4836452,11.0
2024-04-27T00:00:00.000Z,8,13,10.0,4851658,,4836465,9.0
2024-04-28T00:00:00.000Z,16,8,10.0,4851674,,4836473,10.0
2024-04-29T00:00:00.000Z,7,13,11.0,4851681,,4836486,9.0
2024-04-30T00:00:00.000Z,14,9,10.0,4851695,,4836495,10.0
2024-05-01T00:00:00.000Z,14,7,11.0,4851709,,4836502,10.0
2024-05-02T00:00:00.000Z,10,15,11.0,4851719,,4836517,9.0
2024-05-03T00:00:00.000Z,16,15,11.0,4851735,,4836532,10.0
2024-05-04T00:00:00.000Z,1,6,12.0,4851736,,4836538,11.0
2024-05-05T00:00:00.000Z,9,16,11.0,4851745,,4836554,10.0
2024-05-06T00:00:00.000Z,9,9,10.0,4851754,,4836563,11.0
2024-05-07T00:00:00.000Z,8,14,10.0,4851762,,4836577,11.0
2024-05-08T00:00:00.000Z,8,7,9.0,4851770,,4836584,11.0
2024-05-09T00:00:00.000Z,19,9,8.0,4851789,,4836593,11.0
2024-05-10T00:00:00.000Z,9,9,10.0,4851798,,4836602,10.0
2024-05-11T00:00:00.000Z,3,9,9.0,4851801,,4836611,10.0
2024-05-12T00:00:00.000Z,18,10,9.0,4851819,,4836621,10.0
2024-05-13T00:00:00.000Z,22,7,10.0,4851841,,4836628,9.0
2024-05-14T00:00:00.000Z,9,11,12.0,4851850,,4836639,9.0
2024-05-15T00:00:00.000Z,20,13,12.0,4851870,,4836652,8.0
2024-05-16T00:00:00.000Z,26,11,14.0,4851896,,4836663,9.0
2024-05-17T00:00:00.000Z,9,14,15.0,4851905,,4836677,10.0
2024-05-18T00:00:00.000Z,13,13,15.0,4851918,,4836690,10.0
2024-05-19T00:00:00.000Z,17,16,16.0,4851935,,4836706,11.0
2024-05-20T00:00:00.000Z,29,20,16.0,4851964,,4836726,12.0
2024-05-21T00:00:00.000Z,27,20,17.0,4851991,,4836746,14.0
2024-05-22T00:00:00.000Z,17,14,20.0,4852008,,4836760,15.0
2024-05-23T00:00:00.000Z,38,11,19.0,4852046,,4836771,15.0
2024-05-24T00:00:00.000Z,29,19,21.0,4852075,,4836790,15.0
2024-05-25T00:00:00.000Z,18,33,24.0,4852093,,4836823,16.0
2024-05-26T00:00:00.000Z,46,29,25.0,4852139,,4836852,19.0
2024-05-27T00:00:00.000Z,33,24,29.0,4852172,,4836876,20.0
2024-05-28T00:00:00.000Z,45,34,29.0,4852217,,4836910,21.0
2024-05-29T00:00:00.000Z,30,22,32.0,4852247,,4836932,23.0
2024-05-30T00:00:00.000Z,27,22,34.0,4852274,,4836954,24.0
2024-05-31T00:00:00.000Z,16,41,32.0,4852290,,4836995,26.0
2024-06-01T00:00:00.000Z,29,44,30.0,4852319,,4837039,29.0
2024-06-02T00:00:00.000Z,57,28,32.0,4852376,,4837067,30.0
2024-06-03T00:00:00.000Z,42,29,33.0,4852418,,4837096,30.0
2024-06-04T00:00:00.000Z,48,23,35.0,4852466,,4837119,31.0
2024-06-05T00:00:00.000Z,40,33,35.0,4852506,,4837152,29.0
2024-06-06T00:00:00.000Z,49,27,37.0,4852555,,4837179,31.0
2024-06-07T00:00:00.000Z,18,45,40.0,4852573,,4837224,32.0
2024-06-08T00:00:00.000Z,24,41,40.0,4852597,,4837265,32.0
2024-06-09T00:00:00.000Z,67,39,39.0,4852664,,4837304,32.0
2024-06-10T00:00:00.000Z,58,55,41.0,4852722,,4837359,33.0
2024-06-11T00:00:00.000Z,51,32,43.0,4852773,,4837391,37.0
2024-06-12T00:00:00.000Z,20,28,43.0,4852793,,4837419,38.0
2024-06-13T00:00:00.000Z,70,28,41.0,4852863,,4837447,38.0
2024-06-14T00:00:00.000Z,40,39,44.0,4852903,,4837486,38.0
2024-06-15T00:00:00.000Z,42,54,47.0,4852945,,4837540,37.0
2024-06-16T00:00:00.000Z,86,49,49.0,4853031,,4837589,39.0
2024-06-17T00:00:00.000Z,86,38,52.0,4853117,,4837627,40.0
2024-06-18T00:00:00.000Z,98,67,56.0,4853215,,4837694,38.0
2024-06-19T00:00:00.000Z,76,45,63.0,4853291,,4837739,43.0
2024-06-20T00:00:00.000Z,78,50,71.0,4853369,,4837789,45.0
2024-06-21T00:00:00.000Z,66,79,72.0,4853435,,4837868,48.0
2024-06-22T00:00:00.000Z,49,97,76.0,4853484,,4837965,54.0
2024-06-23T00:00:00.000Z,122,91,77.0,4853606,,4838056,60.0
2024-06-24T00:00:00.000Z,119,80,82.0,4853725,,4838136,66.0
2024-06-25T00:00:00.000Z,123,70,86.0,4853848,,4838206,72.0
2024-06-26T00:00:00.000Z,98,64,90.0,4853946,,4838270,73.0
2024-06-27T00:00:00.000Z,119,66,93.0,4854065,,4838336,75.0
2024-06-28T00:00:00.000Z,59,96,99.0,4854124,,4838432,78.0
2024-06-29T00:00:00.000Z,63,110,98.0,4854187,,4838542,80.0
2024-06-30T00:00:00.000Z,137,127,100.0,4854324,,4838669,82.0
2024-07-01T00:00:00.000Z,129,109,102.0,4854453,,4838778,87.0
2024-07-02T00:00:00.000Z,110,94,104.0,4854563,,4838872,91.0
2024-07-03T00:00:00.000Z,106,86,102.0,4854669,,4838958,95.0
2024-07-04T00:00:00.000Z,133,82,103.0,4854802,,4839040,98.0
2024-07-05T00:00:00.000Z,62,123,105.0,4854864,,4839163,100.0
2024-07-06T00:00:00.000Z,74,109,105.0,4854938,,4839272,104.0
2024-07-07T00:00:00.000Z,149,102,107.0,4855087,,4839374,104.0
2024-07-08T00:00:00.000Z,122,106,109.0,4855209,,4839480,100.0
2024-07-09T00:00:00.000Z,157,128,108.0,4855366,,4839608,100.0
2024-07-10T00:00:00.000Z,122,93,114.0,4855488,,4839701,105.0
2024-07-11T00:00:00.000Z,135,68,117.0,4855623,,4839769,106.0
2024-07-12T00:00:00.000Z,54,111,117.0,4855677,,4839880,104.0
2024-07-13T00:00:00.000Z,62,127,116.0,4855739,,4840007,102.0
2024-07-14T00:00:00.000Z,122,152,114.0,4855861,,4840159,105.0
2024-07-15T00:00:00.000Z,100,113,110.0,4855961,,4840272,112.0
2024-07-16T00:00:00.000Z,127,110,107.0,4856088,,4840382,113.0
2024-07-17T00:00:00.000Z,72,88,103.0,4856160,,4840470,110.0
2024-07-18T00:00:00.000Z,98,66,96.0,4856258,,4840536,109.0
2024-07-19T00:00:00.000Z,39,113,90.0,4856297,,4840649,109.0
2024-07-20T00:00:00.000Z,53,107,88.0,4856350,,4840756,109.0
2024-07-21T00:00:00.000Z,109,100,87.0,4856459,,4840856,107.0
2024-07-22T00:00:00.000Z,71,88,85.0,4856530,,4840944,99.0
2024-07-23T00:00:00.000Z,109,73,81.0,4856639,,4841017,96.0
2024-07-24T00:00:00.000Z,95,72,78.0,4856734,,4841089,90.0
2024-07-25T00:00:00.000Z,105,37,82.0,4856839,,4841126,88.0
2024-07-26T00:00:00.000Z,51,98,83.0,4856890,,4841224,84.0
2024-07-27T00:00:00.000Z,59,90,84.0,4856949,,4841314,82.0
2024-07-28T00:00:00.000Z,125,91,85.0,4857074,,4841405,79.0
2024-07-29T00:00:00.000Z,67,85,87.0,4857141,,4841490,78.0
2024-07-30T00:00:00.000Z,66,91,87.0,4857207,,4841581,78.0
2024-07-31T00:00:00.000Z,69,75,81.0,4857276,,4841656,80.0
2024-08-01T00:00:00.000Z,62,69,77.0,4857338,,4841725,81.0
2024-08-02T00:00:00.000Z,51,85,71.0,4857389,,4841810,85.0
2024-08-03T00:00:00.000Z,44,96,71.0,4857433,,4841906,83.0
2024-08-04T00:00:00.000Z,74,45,69.0,4857507,,4841951,84.0
2024-08-05T00:00:00.000Z,44,73,61.0,4857551,,4842024,78.0
2024-08-06T00:00:00.000Z,56,70,58.0,4857607,,4842094,76.0
2024-08-07T00:00:00.000Z,35,48,57.0,4857642,,4842142,73.0
2024-08-08T00:00:00.000Z,54,40,52.0,4857696,,4842182,69.0
2024-08-09T00:00:00.000Z,24,62,51.0,4857720,,4842244,65.0
2024-08-10T00:00:00.000Z,14,57,47.0,4857734,,4842301,62.0
2024-08-11T00:00:00.000Z,54,47,43.0,4857788,,4842348,56.0
2024-08-12T00:00:00.000Z,35,49,40.0,4857823,,4842397,56.0
2024-08-13T00:00:00.000Z,26,44,38.0,4857849,,4842441,53.0
2024-08-14T00:00:00.000Z,30,27,34.0,4857879,,4842468,49.0
2024-08-15T00:00:00.000Z,29,20,33.0,4857908,,4842488,46.0
2024-08-16T00:00:00.000Z,15,25,30.0,4857923,,4842513,43.0
2024-08-17T00:00:00.000Z,13,37,29.0,4857936,,4842550,38.0
2024-08-18T00:00:00.000Z,37,21,28.0,4857973,,4842571,35.0
2024-08-19T00:00:00.000Z,23,29,26.0,4857996,,4842600,31.0
2024-08-20T00:00:00.000Z,12,20,24.0,4858008,,4842620,29.0
2024-08-21T00:00:00.000Z,15,25,22.0,4858023,,4842645,25.0
2024-08-22T00:00:00.000Z,15,17,20.0,4858038,,4842662,25.0
2024-08-23T00:00:00.000Z,4,18,18.0,4858042,,4842680,24.0
2024-08-24T00:00:00.000Z,6,19,17.0,4858048,,4842699,23.0
2024-08-25T00:00:00.000Z,21,11,16.0,4858069,,4842710,21.0
2024-08-26T00:00:00.000Z,29,12,13.0,4858098,,4842722,19.0
2024-08-27T00:00:00.000Z,16,50,14.0,4858114,,4842772,17.0
2024-08-28T00:00:00.000Z,11,17,15.0,4858125,,4842789,21.0
2024-08-29T00:00:00.000Z,12,11,14.0,4858137,,4842800,20.0
2024-08-30T00:00:00.000Z,8,12,14.0,4858145,,4842812,19.0
2024-08-31T00:00:00.000Z,8,19,14.0,4858153,,4842831,18.0
2024-09-01T00:00:00.000Z,23,14,15.0,4858176,,4842845,18.0
2024-09-02T00:00:00.000Z,28,16,15.0,4858204,,4842861,19.0
2024-09-03T00:00:00.000Z,11,10,15.0,4858215,,4842871,19.0
2024-09-04T00:00:00.000Z,19,17,14.0,4858234,,4842888,14.0
2024-09-05T00:00:00.000Z,16,9,15.0,4858250,,4842897,14.0
2024-09-06T00:00:00.000Z,4,18,16.0,4858254,,4842915,13.0
2024-09-07T00:00:00.000Z,6,17,15.0,4858260,,4842932,14.0
2024-09-08T00:00:00.000Z,25,16,15.0,4858285,,4842948,14.0
2024-09-09T00:00:00.000Z,20,9,15.0,4858305,,4842957,14.0
2024-09-10T00:00:00.000Z,13,20,14.0,4858318,,4842977,13.0
2024-09-11T00:00:00.000Z,16,12,14.0,4858334,,4842989,15.0
2024-09-12T00:00:00.000Z,9,11,14.0,4858343,,4843000,14.0
2024-09-13T00:00:00.000Z,10,16,13.0,4858353,,4843016,14.0
2024-09-14T00:00:00.000Z,3,14,14.0,4858356,,4843030,14.0
2024-09-15T00:00:00.000Z,20,19,13.0,4858376,,4843049,14.0
2024-09-16T00:00:00.000Z,10,12,13.0,4858386,,4843061,14.0
2024-09-17T00:00:00.000Z,14,14,11.0,4858400,,4843075,14.0
2024-09-18T00:00:00.000Z,16,6,11.0,4858416,,4843081,14.0
2024-09-19T00:00:00.000Z,16,7,11.0,4858432,,4843088,13.0
2024-09-20T00:00:00.000Z,12,16,12.0,4858444,,4843104,12.0
2024-09-21T00:00:00.000Z,4,7,13.0,4858448,,4843111,12.0
2024-09-22T00:00:00.000Z,15,14,13.0,4858463,,4843125,11.0
2024-09-23T00:00:00.000Z,9,12,12.0,4858472,,4843137,10.0
2024-09-24T00:00:00.000Z,9,14,12.0,4858481,,4843151,10.0
2024-09-25T00:00:00.000Z,14,20,11.0,4858495,,4843171,10.0
2024-09-26T00:00:00.000Z,9,7,11.0,4858504,,4843178,12.0
2024-09-27T00:00:00.000Z,7,6,10.0,4858511,,4843184,12.0
2024-09-28T00:00:00.000Z,3,11,9.0,4858514,,4843195,11.0
2024-09-29T00:00:00.000Z,12,12,9.0,4858526,,4843207,12.0
2024-09-30T00:00:00.000Z,22,12,9.0,4858548,,4843219,11.0
2024-10-01T00:00:00.000Z,19,7,10.0,4858567,,4843226,11.0
2024-10-02T00:00:00.000Z,13,9,12.0,4858580,,4843235,10.0
2024-10-03T00:00:00.000Z,3,8,12.0,4858583,,4843243,9.0
2024-10-04T00:00:00.000Z,8,16,11.0,4858591,,4843259,9.0
2024-10-05T00:00:00.000Z,6,13,11.0,4858597,,4843272,10.0
2024-10-06T00:00:00.000Z,19,15,11.0,4858616,,4843287,11.0
2024-10-07T00:00:00.000Z,21,10,12.0,4858637,,4843297,11.0
2024-10-08T00:00:00.000Z,11,14,12.0,4858648,,4843311,11.0
2024-10-09T00:00:00.000Z,15,9,11.0,4858663,,4843320,12.0
2024-10-10T00:00:00.000Z,13,11,11.0,4858676,,4843331,12.0
2024-10-11T00:00:00.000Z,4,11,13.0,4858680,,4843342,12.0
2024-10-12T00:00:00.000Z,1,13,12.0,4858681,,4843355,11.0
2024-10-13T00:00:00.000Z,14,17,12.0,4858695,,4843372,11.0
2024-10-14T00:00:00.000Z,19,14,11.0,4858714,,4843386,12.0
2024-10-15T00:00:00.000Z,8,8,11.0,4858722,,4843394,12.0
2024-10-16T00:00:00.000Z,2,7,10.0,4858724,,4843401,11.0
2024-10-17T00:00:00.000Z,3,6,8.0,4858727,,4843407,11.0
2024-10-18T00:00:00.000Z,6,6,7.0,4858733,,4843413,10.0
2024-10-19T00:00:00.000Z,1,22,7.0,4858734,,4843435,10.0
2024-10-20T00:00:00.000Z,10,7,7.0,4858744,,4843442,11.0
2024-10-21T00:00:00.000Z,14,1,7.0,4858758,,4843443,10.0
2024-10-22T00:00:00.000Z,10,4,6.0,4858768,,4843447,8.0
2024-10-23T00:00:00.000Z,9,6,6.0,4858777,,4843453,7.0
2024-10-24T00:00:00.000Z,3,5,7.0,4858780,,4843458,7.0
2024-10-25T00:00:00.000Z,5,2,7.0,4858785,,4843460,7.0
2024-10-26T00:00:00.000Z,5,15,7.0,4858790,,4843475,6.0
2024-10-27T00:00:00.000Z,15,9,8.0,4858805,,4843484,5.0
2024-10-28T00:00:00.000Z,14,4,8.0,4858819,,4843488,6.0
2024-10-29T00:00:00.000Z,14,12,8.0,4858833,,4843500,6.0
2024-10-30T00:00:00.000Z,11,1,9.0,4858844,,4843501,7.0
2024-10-31T00:00:00.000Z,14,8,9.0,4858858,,4843509,6.0
2024-11-01T00:00:00.000Z,3,14,11.0,4858861,,4843523,7.0
2024-11-02T00:00:00.000Z,5,14,10.0,4858866,,4843537,9.0
2024-11-03T00:00:00.000Z,17,8,10.0,4858883,,4843545,8.0
2024-11-04T00:00:00.000Z,24,6,11.0,4858907,,4843551,8.0
2024-11-05T00:00:00.000Z,13,8,12.0,4858920,,4843559,9.0
2024-11-06T00:00:00.000Z,6,10,12.0,4858926,,4843569,8.0
2024-11-07T00:00:00.000Z,4,16,11.0,4858930,,4843585,9.0
2024-11-08T00:00:00.000Z,7,11,10.0,4858937,,4843596,10.0
2024-11-09T00:00:00.000Z,4,13,10.0,4858941,,4843609,10.0
2024-11-10T00:00:00.000Z,15,12,10.0,4858956,,4843621,10.0
2024-11-11T00:00:00.000Z,10,5,10.0,4858966,,4843626,10.0
2024-11-12T00:00:00.000Z,11,9,8.0,4858977,,4843635,10.0
2024-11-13T00:00:00.000Z,3,10,8.0,4858980,,4843645,10.0
2024-11-14T00:00:00.000Z,5,6,7.0,4858985,,4843651,10.0
2024-11-15T00:00:00.000Z,1,4,7.0,4858986,,4843655,9.0
2024-11-16T00:00:00.000Z,3,8,7.0,4858989,,4843663,8.0
2024-11-17T00:00:00.000Z,10,6,6.0,4858999,,4843669,7.0
2024-11-18T00:00:00.000Z,8,6,6.0,4859007,,4843675,6.0
2024-11-19T00:00:00.000Z,11,4,5.0,4859018,,4843679,7.0
2024-11-20T00:00:00.000Z,5,2,5.0,4859023,,4843681,6.0
2024-11-21T00:00:00.000Z,8,5,6.0,4859031,,4843686,5.0
2024-11-22T00:00:00.000Z,4,11,6.0,4859035,,4843697,5.0
2024-11-23T00:00:00.000Z,3,9,7.0,4859038,,4843706,6.0
2024-11-24T00:00:00.000Z,11,5,7.0,4859049,,4843711,6.0
2024-11-25T00:00:00.000Z,5,5,7.0,4859054,,4843716,6.0
2024-11-26T00:00:00.000Z,6,2,6.0,4859060,,4843718,5.0
2024-11-27T00:00:00.000Z,6,10,6.0,4859066,,4843728,5.0
2024-11-28T00:00:00.000Z,7,3,6.0,4859073,,4843731,6.0
2024-11-29T00:00:00.000Z,4,5,6.0,4859077,,4843736,6.0
2024-11-30T00:00:00.000Z,4,5,6.0,4859081,,4843741,5.0
2024-12-01T00:00:00.000Z,9,4,6.0,4859090,,4843745,5.0
2024-12-02T00:00:00.000Z,3,6,5.0,4859093,,4843751,4.0
2024-12-03T00:00:00.000Z,9,15,5.0,4859102,,4843766,5.0
2024-12-04T00:00:00.000Z,7,3,6.0,4859109,,4843769,6.0
2024-12-05T00:00:00.000Z,7,5,6.0,4859116,,4843774,5.0
2024-12-06T00:00:00.000Z,4,4,6.0,4859120,,4843778,6.0
2024-12-07T00:00:00.000Z,3,9,6.0,4859123,,4843787,6.0
2024-12-08T00:00:00.000Z,17,6,6.0,4859140,,4843793,6.0
2024-12-09T00:00:00.000Z,8,6,7.0,4859148,,4843799,6.0
2024-12-10T00:00:00.000Z,10,8,7.0,4859158,,4843807,6.0
2024-12-11T00:00:00.000Z,5,4,8.0,4859163,,4843811,5.0
2024-12-12T00:00:00.000Z,9,3,7.0,4859172,,4843814,6.0
2024-12-13T00:00:00.000Z,6,10,8.0,4859178,,4843824,5.0
2024-12-14T00:00:00.000Z,6,10,8.0,4859184,,4843834,6.0
2024-12-15T00:00:00.000Z,9,11,8.0,4859193,,4843845,6.0
2024-12-16T00:00:00.000Z,13,8,7.0,4859206,,4843853,7.0
2024-12-17T00:00:00.000Z,9,16,8.0,4859215,,4843869,7.0
2024-12-18T00:00:00.000Z,12,8,8.0,4859227,,4843877,8.0
2024-12-19T00:00:00.000Z,11,7,9.0,4859238,,4843884,9.0
2024-12-20T00:00:00.000Z,4,7,9.0,4859242,,4843891,10.0
2024-12-21T00:00:00.000Z,0,10,9.0,4859242,,4843901,9.0
2024-12-22T00:00:00.000Z,17,11,8.0,4859259,,4843912,9.0
2024-12-23T00:00:00.000Z,11,12,9.0,4859270,,4843924,9.0
2024-12-24T00:00:00.000Z,15,6,9.0,4859285,,4843930,10.0
2024-12-25T00:00:00.000Z,8,12,10.0,4859293,,4843942,8.0
2024-12-26T00:00:00.000Z,20,3,9.0,4859313,,4843945,9.0
2024-12-27T00:00:00.000Z,9,8,10.0,4859322,,4843953,8.0
2024-12-28T00:00:00.000Z,6,11,11.0,4859328,,4843964,8.0
2024-12-29T00:00:00.000Z,18,11,12.0,4859346,,4843975,9.0
2024-12-30T00:00:00.000Z,12,12,12.0,4859358,,4843987,9.0
2024-12-31T00:00:00.000Z,11,17,12.0,4859369,,4844004,9.0
2025-01-01T00:00:00.000Z,5,7,12.0,4859374,,4844011,10.0
2025-01-02T00:00:00.000Z,22,11,11.0,4859396,,4844022,9.0
2025-01-03T00:00:00.000Z,7,10,11.0,4859403,,4844032,11.0
2025-01-04T00:00:00.000Z,4,14,11.0,4859407,,4844046,11.0
2025-01-05T00:00:00.000Z,19,8,11.0,4859426,,4844054,11.0
2025-01-06T00:00:00.000Z,14,6,11.0,4859440,,4844060,11.0
2025-01-07T00:00:00.000Z,16,58,11.0,4859456,,4844118,10.0
2025-01-08T00:00:00.000Z,11,19,12.0,4859467,,4844137,16.0
2025-01-09T00:00:00.000Z,21,9,13.0,4859488,,4844146,18.0
2025-01-10T00:00:00.000Z,4,13,13.0,4859492,,4844159,17.0
2025-01-11T00:00:00.000Z,11,11,12.0,4859503,,4844170,18.0
2025-01-12T00:00:00.000Z,20,8,13.0,4859523,,4844178,17.0
2025-01-13T00:00:00.000Z,12,17,13.0,4859535,,4844195,17.0
2025-01-14T00:00:00.000Z,20,19,13.0,4859555,,4844214,19.0
2025-01-15T00:00:00.000Z,19,10,14.0,4859574,,4844224,13.0
2025-01-16T00:00:00.000Z,15,8,15.0,4859589,,4844232,12.0
2025-01-17T00:00:00.000Z,6,12,14.0,4859595,,4844244,12.0
2025-01-18T00:00:00.000Z,5,13,14.0,4859600,,4844257,12.0
2025-01-19T00:00:00.000Z,20,15,13.0,4859620,,4844272,12.0
2025-01-20T00:00:00.000Z,18,23,13.0,4859638,,4844295,13.0
2025-01-21T00:00:00.000Z,16,14,14.0,4859654,,4844309,14.0
2025-01-22T00:00:00.000Z,8,17,14.0,4859662,,4844326,13.0
2025-01-23T00:00:00.000Z,13,6,12.0,4859675,,4844332,14.0
2025-01-24T00:00:00.000Z,5,14,12.0,4859680,,4844346,14.0
2025-01-25T00:00:00.000Z,6,18,12.0,4859686,,4844364,14.0
2025-01-26T00:00:00.000Z,8,9,12.0,4859694,,4844373,15.0
2025-01-27T00:00:00.000Z,10,12,10.0,4859704,,4844385,14.0
2025-01-28T00:00:00.000Z,12,10,9.0,4859716,,4844395,12.0
2025-01-29T00:00:00.000Z,9,7,8.0,4859725,,4844402,12.0
2025-01-30T00:00:00.000Z,6,2,9.0,4859731,,4844404,10.0
2025-01-31T00:00:00.000Z,3,10,8.0,4859734,,4844414,10.0
2025-02-01T00:00:00.000Z,5,9,7.0,4859739,,4844423,9.0
2025-02-02T00:00:00.000Z,8,12,7.0,4859747,,4844435,8.0
2025-02-03T00:00:00.000Z,13,6,7.0,4859760,,4844441,8.0
2025-02-04T00:00:00.000Z,11,8,8.0,4859771,,4844449,8.0
2025-02-05T00:00:00.000Z,13,9,7.0,4859784,,4844458,7.0
2025-02-06T00:00:00.000Z,9,2,8.0,4859793,,4844460,8.0
2025-02-07T00:00:00.000Z,6,5,8.0,4859799,,4844465,8.0
2025-02-08T00:00:00.000Z,1,15,9.0,4859800,,4844480,7.0
2025-02-09T00:00:00.000Z,15,10,8.0,4859815,,4844490,8.0
2025-02-10T00:00:00.000Z,14,11,9.0,4859829,,4844501,7.0
2025-02-11T00:00:00.000Z,11,10,9.0,4859840,,4844511,8.0
2025-02-12T00:00:00.000Z,7,13,9.0,4859847,,4844524,8.0
2025-02-13T00:00:00.000Z,9,5,9.0,4859856,,4844529,9.0
2025-02-14T00:00:00.000Z,9,6,9.0,4859865,,4844535,9.0
2025-02-15T00:00:00.000Z,3,7,9.0,4859868,,4844542,10.0
2025-02-16T00:00:00.000Z,11,20,9.0,4859879,,4844562,8.0
2025-02-17T00:00:00.000Z,13,7,9.0,4859892,,4844569,10.0
2025-02-18T00:00:00.000Z,22,6,9.0,4859914,,4844575,9.0
2025-02-19T00:00:00.000Z,5,11,10.0,4859919,,4844586,9.0
2025-02-20T00:00:00.000Z,12,6,10.0,4859931,,4844592,8.0
2025-02-21T00:00:00.000Z,9,8,10.0,4859940,,4844600,9.0
2025-02-22T00:00:00.000Z,2,14,10.0,4859942,,4844614,9.0
2025-02-23T00:00:00.000Z,10,13,10.0,4859952,,4844627,10.0
2025-02-24T00:00:00.000Z,19,10,10.0,4859971,,4844637,9.0
2025-02-25T00:00:00.000Z,14,10,11.0,4859985,,4844647,9.0
2025-02-26T00:00:00.000Z,7,13,10.0,4859992,,4844660,10.0
2025-02-27T00:00:00.000Z,13,6,10.0,4860005,,4844666,10.0
2025-02-28T00:00:00.000Z,12,9,10.0,4860017,,4844675,10.0
2025-03-01T00:00:00.000Z,3,12,11.0,4860020,,4844687,10.0
2025-03-02T00:00:00.000Z,23,14,11.0,4860043,,4844701,10.0
2025-03-03T00:00:00.000Z,9,17,13.0,4860052,,4844718,10.0
2025-03-04T00:00:00.000Z,17,9,11.0,4860069,,4844727,11.0
2025-03-05T00:00:00.000Z,15,10,12.0,4860084,,4844737,11.0
2025-03-06T00:00:00.000Z,22,9,13.0,4860106,,4844746,11.0
2025-03-07T00:00:00.000Z,6,15,14.0,4860112,,4844761,11.0
2025-03-08T00:00:00.000Z,0,17,13.0,4860112,,4844778,12.0
2025-03-09T00:00:00.000Z,20,9,13.0,4860132,,4844787,13.0
2025-03-10T00:00:00.000Z,17,19,12.0,4860149,,4844806,12.0
2025-03-11T00:00:00.000Z,10,13,13.0,4860159,,4844819,12.0
2025-03-12T00:00:00.000Z,18,17,12.0,4860177,,4844836,13.0
2025-03-13T00:00:00.000Z,16,5,13.0,4860193,,4844841,14.0
2025-03-14T00:00:00.000Z,6,12,12.0,4860199,,4844853,13.0
2025-03-15T00:00:00.000Z,3,19,12.0,4860202,,4844872,13.0
2025-03-16T00:00:00.000Z,13,9,12.0,4860215,,4844881,13.0
2025-03-17T00:00:00.000Z,17,11,11.0,4860232,,4844892,13.0
2025-03-18T00:00:00.000Z,19,15,11.0,4860251,,4844907,12.0
2025-03-19T00:00:00.000Z,10,12,13.0,4860261,,4844919,12.0
2025-03-20T00:00:00.000Z,12,6,12.0,4860273,,4844925,11.0
2025-03-21T00:00:00.000Z,2,9,11.0,4860275,,4844934,12.0
2025-03-22T00:00:00.000Z,7,18,10.0,4860282,,4844952,11.0
2025-03-23T00:00:00.000Z,13,10,11.0,4860295,,4844962,11.0
2025-03-24T00:00:00.000Z,7,15,11.0,4860302,,4844977,11.0
2025-03-25T00:00:00.000Z,16,11,10.0,4860318,,4844988,12.0
2025-03-26T00:00:00.000Z,10,6,9.0,4860328,,4844994,11.0
2025-03-27T00:00:00.000Z,9,4,9.0,4860337,,4844998,10.0
2025-03-28T00:00:00.000Z,6,7,9.0,4860343,,4845005,10.0
2025-03-29T00:00:00.000Z,4,8,9.0,4860347,,4845013,10.0
2025-03-30T00:00:00.000Z,14,18,9.0,4860361,,4845031,8.0
2025-03-31T00:00:00.000Z,9,9,9.0,4860370,,4845040,9.0
2025-04-01T00:00:00.000Z,16,5,9.0,4860386,,4845045,9.0
2025-04-02T00:00:00.000Z,9,9,9.0,4860395,,4845054,8.0
2025-04-03T00:00:00.000Z,18,8,9.0,4860413,,4845062,8.0
2025-04-04T00:00:00.000Z,8,8,10.0,4860421,,4845070,9.0
2025-04-05T00:00:00.000Z,4,10,11.0,4860425,,4845080,9.0
2025-04-06T00:00:00.000Z,12,5,11.0,4860437,,4845085,9.0
2025-04-07T00:00:00.000Z,12,15,10.0,4860449,,4845100,7.0
2025-04-08T00:00:00.000Z,11,8,11.0,4860460,,4845108,8.0
2025-04-09T00:00:00.000Z,11,6,10.0,4860471,,4845114,9.0
2025-04-10T00:00:00.000Z,13,6,10.0,4860484,,4845120,8.0
2025-04-11T00:00:00.000Z,8,6,10.0,4860492,,4845126,8.0
2025-04-12T00:00:00.000Z,0,8,10.0,4860492,,4845134,8.0
2025-04-13T00:00:00.000Z,1,4,9.0,4860493,,4845138,7.0
2025-04-14T00:00:00.000Z,13,7,8.0,4860506,,4845145,7.0
2025-04-15T00:00:00.000Z,7,9,8.0,4860513,,4845154,6.0
2025-04-16T00:00:00.000Z,9,1,7.0,4860522,,4845155,6.0
2025-04-17T00:00:00.000Z,7,3,7.0,4860529,,4845158,5.0
2025-04-18T00:00:00.000Z,7,2,6.0,4860536,,4845160,5.0
2025-04-19T00:00:00.000Z,1,8,6.0,4860537,,4845168,4.0
2025-04-20T00:00:00.000Z,15,4,6.0,4860552,,4845172,4.0
2025-04-21T00:00:00.000Z,7,5,8.0,4860559,,4845177,4.0
2025-04-22T00:00:00.000Z,7,5,7.0,4860566,,4845182,4.0
2025-04-23T00:00:00.000Z,7,6,7.0,4860573,,4845188,4.0
2025-04-24T00:00:00.000Z,11,7,7.0,4860584,,4845195,4.0
2025-04-25T00:00:00.000Z,2,4,7.0,4860586,,4845199,5.0
2025-04-26T00:00:00.000Z,1,8,7.0,4860587,,4845207,5.0
2025-04-27T00:00:00.000Z,18,4,7.0,4860605,,4845211,5.0
2025-04-28T00:00:00.000Z,8,3,7.0,4860613,,4845214,5.0
2025-04-29T00:00:00.000Z,6,7,7.0,4860619,,4845221,5.0
2025-04-30T00:00:00.000Z,9,6,7.0,4860628,,4845227,5.0
2025-05-01T00:00:00.000Z,1,2,7.0,4860629,,4845229,5.0
2025-05-02T00:00:00.000Z,7,4,6.0,4860636,,4845233,4.0
2025-05-03T00:00:00.000Z,4,9,7.0,4860640,,4845242,4.0
2025-05-04T00:00:00.000Z,9,4,7.0,4860649,,4845246,5.0
2025-05-05T00:00:00.000Z,10,2,6.0,4860659,,4845248,5.0
2025-05-06T00:00:00.000Z,18,3,6.0,4860677,,4845251,4.0
2025-05-07T00:00:00.000Z,7,6,8.0,4860684,,4845257,4.0
2025-05-08T00:00:00.000Z,12,7,8.0,4860696,,4845264,4.0
2025-05-09T00:00:00.000Z,4,10,9.0,4860700,,4845274,5.0
2025-05-10T00:00:00.000Z,2,4,9.0,4860702,,4845278,5.0
2025-05-11T00:00:00.000Z,11,12,8.0,4860713,,4845290,5.0
2025-05-12T00:00:00.000Z,10,94,9.0,4860723,,4845384,6.0
2025-05-13T00:00:00.000Z,11,7,9.0,4860734,,4845391,19.0
2025-05-14T00:00:00.000Z,9,19,8.0,4860743,,4845410,20.0
2025-05-15T00:00:00.000Z,8,7,8.0,4860751,,4845417,21.0
2025-05-16T00:00:00.000Z,2,9,7.0,4860753,,4845426,21.0
2025-05-17T00:00:00.000Z,3,9,7.0,4860756,,4845435,21.0
2025-05-18T00:00:00.000Z,10,7,7.0,4860766,,4845442,22.0
2025-05-19T00:00:00.000Z,6,7,7.0,4860772,,4845449,21.0
2025-05-20T00:00:00.000Z,13,8,7.0,4860785,,4845457,9.0
2025-05-21T00:00:00.000Z,10,5,7.0,4860795,,4845462,9.0
2025-05-22T00:00:00.000Z,5,4,7.0,4860800,,4845466,7.0
2025-05-23T00:00:00.000Z,2,5,7.0,4860802,,4845471,7.0
2025-05-24T00:00:00.000Z,1,12,7.0,4860803,,4845483,6.0
2025-05-25T00:00:00.000Z,14,13,6.0,4860817,,4845496,6.0
2025-05-26T00:00:00.000Z,7,7,7.0,4860824,,4845503,7.0
2025-05-27T00:00:00.000Z,9,5,7.0,4860833,,4845508,7.0
2025-05-28T00:00:00.000Z,9,8,6.0,4860842,,4845516,7.0
2025-05-29T00:00:00.000Z,10,4,6.0,4860852,,4845520,7.0
2025-05-30T00:00:00.000Z,6,6,7.0,4860858,,4845526,7.0
2025-05-31T00:00:00.000Z,5,6,8.0,4860863,,4845532,7.0
2025-06-01T00:00:00.000Z,12,11,8.0,4860875,,4845543,7.0
2025-06-02T00:00:00.000Z,5,7,8.0,4860880,,4845550,6.0
2025-06-03T00:00:00.000Z,20,6,8.0,4860900,,4845556,6.0
2025-06-04T00:00:00.000Z,15,18,9.0,4860915,,4845574,6.0
2025-06-05T00:00:00.000Z,16,8,10.0,4860931,,4845582,8.0
2025-06-06T00:00:00.000Z,7,9,11.0,4860938,,4845591,8.0
2025-06-07T00:00:00.000Z,7,10,11.0,4860945,,4845601,9.0
2025-06-08T00:00:00.000Z,8,10,11.0,4860953,,4845611,9.0
2025-06-09T00:00:00.000Z,6,16,11.0,4860959,,4845627,9.0
2025-06-10T00:00:00.000Z,8,9,11.0,4860967,,4845636,11.0
2025-06-11T00:00:00.000Z,12,14,9.0,4860979,,4845650,11.0
2025-06-12T00:00:00.000Z,7,7,9.0,4860986,,4845657,10.0
2025-06-13T00:00:00.000Z,4,6,7.0,4860990,,4845663,10.0
2025-06-14T00:00:00.000Z,0,5,7.0,4860990,,4845668,10.0
2025-06-15T00:00:00.000Z,7,8,6.0,4860997,,4845676,9.0
2025-06-16T00:00:00.000Z,6,13,6.0,4861003,,4845689,9.0
2025-06-17T00:00:00.000Z,9,6,6.0,4861012,,4845695,8.0
2025-06-18T00:00:00.000Z,5,5,6.0,4861017,,4845700,8.0
2025-06-19T00:00:00.000Z,5,3,5.0,4861022,,4845703,7.0
2025-06-20T00:00:00.000Z,5,3,5.0,4861027,,4845706,6.0
2025-06-21T00:00:00.000Z,2,3,5.0,4861029,,4845709,6.0
2025-06-22T00:00:00.000Z,8,6,5.0,4861037,,4845715,5.0
2025-06-23T00:00:00.000Z,12,10,5.0,4861049,,4845725,5.0
2025-06-24T00:00:00.000Z,7,5,6.0,4861056,,4845730,5.0
2025-06-25T00:00:00.000Z,9,2,6.0,4861065,,4845732,5.0
2025-06-26T00:00:00.000Z,9,7,6.0,4861074,,4845739,4.0
2025-06-27T00:00:00.000Z,3,7,7.0,4861077,,4845746,5.0
2025-06-28T00:00:00.000Z,3,6,7.0,4861080,,4845752,5.0
2025-06-29T00:00:00.000Z,15,10,7.0,4861095,,4845762,6.0
2025-06-30T00:00:00.000Z,16,6,8.0,4861111,,4845768,6.0
2025-07-01T00:00:00.000Z,7,8,8.0,4861118,,4845776,6.0
2025-07-02T00:00:00.000Z,8,7,8.0,4861126,,4845783,6.0
2025-07-03T00:00:00.000Z,8,5,8.0,4861134,,4845788,7.0
2025-07-04T00:00:00.000Z,3,7,8.0,4861137,,4845795,7.0
2025-07-05T00:00:00.000Z,5,14,8.0,4861142,,4845809,7.0
2025-07-06T00:00:00.000Z,9,14,8.0,4861151,,4845823,8.0
2025-07-07T00:00:00.000Z,7,5,8.0,4861158,,4845828,8.0
2025-07-08T00:00:00.000Z,11,9,6.0,4861169,,4845837,8.0
2025-07-09T00:00:00.000Z,8,8,7.0,4861177,,4845845,8.0
2025-07-10T00:00:00.000Z,8,6,7.0,4861185,,4845851,8.0
2025-07-11T00:00:00.000Z,2,4,7.0,4861187,,4845855,9.0
2025-07-12T00:00:00.000Z,5,11,7.0,4861192,,4845866,8.0
2025-07-13T00:00:00.000Z,18,6,7.0,4861210,,4845872,8.0
2025-07-14T00:00:00.000Z,10,12,8.0,4861220,,4845884,7.0
2025-07-15T00:00:00.000Z,14,7,8.0,4861234,,4845891,8.0
2025-07-16T00:00:00.000Z,7,9,9.0,4861241,,4845900,7.0
2025-07-17T00:00:00.000Z,18,4,9.0,4861259,,4845904,7.0
2025-07-18T00:00:00.000Z,6,7,10.0,4861265,,4845911,7.0
2025-07-19T00:00:00.000Z,4,18,11.0,4861269,,4845929,8.0
2025-07-20T00:00:00.000Z,27,13,11.0,4861296,,4845942,9.0
2025-07-21T00:00:00.000Z,17,7,12.0,4861313,,4845949,10.0
2025-07-22T00:00:00.000Z,25,16,13.0,4861338,,4845965,9.0
2025-07-23T00:00:00.000Z,13,19,14.0,4861351,,4845984,10.0
2025-07-24T00:00:00.000Z,20,14,15.0,4861371,,4845998,12.0
2025-07-25T00:00:00.000Z,7,7,16.0,4861378,,4846005,13.0
2025-07-26T00:00:00.000Z,4,15,16.0,4861382,,4846020,13.0
2025-07-27T00:00:00.000Z,22,21,16.0,4861404,,4846041,13.0
2025-07-28T00:00:00.000Z,19,18,15.0,4861423,,4846059,14.0
2025-07-29T00:00:00.000Z,29,20,15.0,4861452,,4846079,15.0
2025-07-30T00:00:00.000Z,23,13,16.0,4861475,,4846092,16.0
2025-07-31T00:00:00.000Z,24,7,17.0,4861499,,4846099,15.0
2025-08-01T00:00:00.000Z,9,13,18.0,4861508,,4846112,14.0
2025-08-02T00:00:00.000Z,7,19,18.0,4861515,,4846131,15.0
2025-08-03T00:00:00.000Z,31,23,19.0,4861546,,4846154,15.0
2025-08-04T00:00:00.000Z,14,33,20.0,4861560,,4846187,16.0
2025-08-05T00:00:00.000Z,32,27,19.0,4861592,,4846214,18.0
2025-08-06T00:00:00.000Z,16,17,20.0,4861608,,4846231,19.0
2025-08-07T00:00:00.000Z,28,9,19.0,4861636,,4846240,19.0
2025-08-08T00:00:00.000Z,4,16,19.0,4861640,,4846256,20.0
2025-08-09T00:00:00.000Z,6,24,18.0,4861646,,4846280,20.0
2025-08-10T00:00:00.000Z,32,19,18.0,4861678,,4846299,21.0
2025-08-11T00:00:00.000Z,35,14,18.0,4861713,,4846313,20.0
2025-08-12T00:00:00.000Z,24,22,21.0,4861737,,4846335,18.0
2025-08-13T00:00:00.000Z,31,27,20.0,4861768,,4846362,17.0
2025-08-14T00:00:00.000Z,29,13,22.0,4861797,,4846375,18.0
2025-08-15T00:00:00.000Z,8,15,23.0,4861805,,4846390,19.0
2025-08-16T00:00:00.000Z,14,31,23.0,4861819,,4846421,19.0
2025-08-17T00:00:00.000Z,43,20,24.0,4861862,,4846441,20.0
2025-08-18T00:00:00.000Z,25,31,26.0,4861887,,4846472,20.0
2025-08-19T00:00:00.000Z,35,29,24.0,4861922,,4846501,22.0
2025-08-20T00:00:00.000Z,31,28,26.0,4861953,,4846529,23.0
2025-08-21T00:00:00.000Z,44,21,26.0,4861997,,4846550,23.0
2025-08-22T00:00:00.000Z,14,10,28.0,4862011,,4846560,25.0
2025-08-23T00:00:00.000Z,10,31,29.0,4862021,,4846591,24.0
2025-08-24T00:00:00.000Z,40,33,28.0,4862061,,4846624,24.0
2025-08-25T00:00:00.000Z,37,35,28.0,4862098,,4846659,26.0
2025-08-26T00:00:00.000Z,30,41,30.0,4862128,,4846700,26.0
2025-08-27T00:00:00.000Z,30,24,29.0,4862158,,4846724,28.0
2025-08-28T00:00:00.000Z,28,22,29.0,4862186,,4846746,27.0
2025-08-29T00:00:00.000Z,10,22,27.0,4862196,,4846768,28.0
2025-08-30T00:00:00.000Z,15,32,26.0,4862211,,4846800,29.0
2025-08-31T00:00:00.000Z,43,22,27.0,4862254,,4846822,29.0
2025-09-01T00:00:00.000Z,28,39,27.0,4862282,,4846861,28.0
2025-09-02T00:00:00.000Z,26,29,26.0,4862308,,4846890,28.0
2025-09-03T00:00:00.000Z,29,23,25.0,4862337,,4846913,27.0
2025-09-04T00:00:00.000Z,34,11,25.0,4862371,,4846924,27.0
2025-09-05T00:00:00.000Z,8,31,26.0,4862379,,4846955,25.0
2025-09-06T00:00:00.000Z,16,26,26.0,4862395,,4846981,26.0
2025-09-07T00:00:00.000Z,52,27,26.0,4862447,,4847008,25.0
2025-09-08T00:00:00.000Z,30,30,27.0,4862477,,4847038,26.0
2025-09-09T00:00:00.000Z,35,33,27.0,4862512,,4847071,25.0
2025-09-10T00:00:00.000Z,24,31,29.0,4862536,,4847102,25.0
2025-09-11T00:00:00.000Z,35,24,28.0,4862571,,4847126,27.0
2025-09-12T00:00:00.000Z,5,24,28.0,4862576,,4847150,28.0
2025-09-13T00:00:00.000Z,15,31,28.0,4862591,,4847181,27.0
2025-09-14T00:00:00.000Z,44,32,28.0,4862635,,4847213,28.0
2025-09-15T00:00:00.000Z,33,25,26.0,4862668,,4847238,29.0
2025-09-16T00:00:00.000Z,50,27,27.0,4862718,,4847265,28.0
2025-09-17T00:00:00.000Z,36,26,29.0,4862754,,4847291,27.0
2025-09-18T00:00:00.000Z,44,17,31.0,4862798,,4847308,27.0
2025-09-19T00:00:00.000Z,11,29,32.0,4862809,,4847337,26.0
2025-09-20T00:00:00.000Z,9,34,33.0,4862818,,4847371,26.0
2025-09-21T00:00:00.000Z,45,38,32.0,4862863,,4847409,27.0
2025-09-22T00:00:00.000Z,21,45,32.0,4862884,,4847454,28.0
2025-09-23T00:00:00.000Z,10,35,30.0,4862894,,4847489,30.0
2025-09-24T00:00:00.000Z,7,28,25.0,4862901,,4847517,32.0
2025-09-25T00:00:00.000Z,41,20,21.0,4862942,,4847537,32.0
2025-09-26T00:00:00.000Z,14,16,20.0,4862956,,4847553,32.0
2025-09-27T00:00:00.000Z,7,31,21.0,4862963,,4847584,30.0
2025-09-28T00:00:00.000Z,31,19,20.0,4862994,,4847603,30.0
2025-09-29T00:00:00.000Z,18,17,18.0,4863012,,4847620,27.0
2025-09-30T00:00:00.000Z,20,17,18.0,4863032,,4847637,23.0
2025-10-01T00:00:00.000Z,13,18,19.0,4863045,,4847655,21.0
2025-10-02T00:00:00.000Z,7,9,20.0,4863052,,4847664,19.0
2025-10-03T00:00:00.000Z,12,24,15.0,4863064,,4847688,18.0
2025-10-04T00:00:00.000Z,8,20,15.0,4863072,,4847708,19.0
2025-10-05T00:00:00.000Z,0,0,15.0,4863072,,4847708,17.0
